
NOD   DISTANTA DE LA SURSA
0	84
1	112
2	47
3	102
4	68
5	96
6	124
7	82
8	105
9	87
10	93
11	109
12	104
13	89
14	87
15	101
16	117
17	143
18	119
19	98
20	115
21	83
22	88
23	89
24	109
25	105
26	76
27	112
28	104
29	85
30	118
31	74
32	82
33	97
34	74
35	89
36	110
37	104
38	90
39	94
40	117
41	79
42	90
43	93
44	84
45	82
46	103
47	98
48	118
49	116
50	94
51	125
52	107
53	27
54	118
55	95
56	86
57	90
58	121
59	108
60	68
61	120
62	103
63	123
64	111
65	108
66	110
67	96
68	106
69	63
70	113
71	82
72	106
73	75
74	123
75	112
76	96
77	107
78	79
79	102
80	83
81	61
82	73
83	110
84	111
85	110
86	101
87	107
88	75
89	111
90	80
91	114
92	79
93	67
94	97
95	113
96	111
97	107
98	97
99	89
100	103
101	88
102	99
103	57
104	52
105	82
106	89
107	106
108	77
109	83
110	94
111	107
112	92
113	56
114	73
115	106
116	153
117	48
118	136
119	113
120	85
121	94
122	101
123	66
124	89
125	112
126	66
127	108
128	111
129	110
130	83
131	122
132	67
133	57
134	89
135	100
136	87
137	88
138	73
139	87
140	78
141	84
142	72
143	60
144	103
145	109
146	125
147	123
148	91
149	106
150	103
151	86
152	127
153	69
154	87
155	107
156	128
157	78
158	89
159	85
160	106
161	100
162	70
163	113
164	106
165	76
166	98
167	101
168	61
169	74
170	87
171	109
172	114
173	109
174	99
175	80
176	131
177	88
178	91
179	118
180	102
181	115
182	120
183	91
184	78
185	121
186	98
187	96
188	92
189	117
190	136
191	119
192	43
193	106
194	115
195	122
196	110
197	108
198	100
199	151
200	92
201	106
202	82
203	56
204	96
205	104
206	135
207	128
208	100
209	98
210	99
211	109
212	106
213	76
214	115
215	136
216	87
217	33
218	119
219	113
220	125
221	108
222	68
223	103
224	102
225	98
226	139
227	115
228	93
229	95
230	64
231	106
232	120
233	83
234	136
235	102
236	81
237	97
238	125
239	125
240	107
241	98
242	99
243	112
244	114
245	89
246	132
247	34
248	97
249	101
250	132
251	80
252	112
253	92
254	76
255	95
256	72
257	78
258	96
259	81
260	96
261	85
262	79
263	109
264	90
265	109
266	81
267	91
268	105
269	108
270	100
271	83
272	110
273	110
274	88
275	100
276	98
277	103
278	95
279	82
280	65
281	97
282	86
283	76
284	121
285	123
286	103
287	92
288	119
289	92
290	113
291	119
292	94
293	128
294	94
295	120
296	129
297	99
298	92
299	74
300	74
301	102
302	105
303	118
304	101
305	100
306	76
307	121
308	100
309	90
310	100
311	89
312	103
313	103
314	87
315	131
316	118
317	120
318	103
319	126
320	79
321	107
322	120
323	96
324	75
325	66
326	102
327	103
328	107
329	112
330	58
331	114
332	97
333	75
334	74
335	164
336	97
337	95
338	112
339	109
340	106
341	103
342	90
343	141
344	117
345	93
346	87
347	81
348	75
349	128
350	74
351	151
352	70
353	91
354	83
355	77
356	73
357	95
358	76
359	78
360	138
361	69
362	105
363	136
364	76
365	79
366	108
367	103
368	102
369	117
370	121
371	71
372	95
373	110
374	102
375	142
376	110
377	95
378	97
379	108
380	108
381	112
382	97
383	98
384	152
385	102
386	81
387	86
388	90
389	97
390	97
391	112
392	100
393	115
394	95
395	79
396	96
397	110
398	96
399	95
400	90
401	99
402	94
403	99
404	96
405	68
406	74
407	149
408	117
409	97
410	89
411	81
412	105
413	114
414	115
415	108
416	95
417	75
418	97
419	79
420	82
421	100
422	81
423	68
424	113
425	102
426	49
427	82
428	56
429	80
430	99
431	110
432	113
433	96
434	128
435	94
436	101
437	77
438	62
439	93
440	96
441	113
442	76
443	101
444	95
445	74
446	101
447	102
448	88
449	103
450	105
451	87
452	121
453	107
454	116
455	142
456	110
457	111
458	101
459	95
460	113
461	90
462	128
463	98
464	105
465	86
466	109
467	126
468	88
469	82
470	79
471	93
472	127
473	98
474	118
475	86
476	108
477	120
478	97
479	99
480	95
481	101
482	89
483	90
484	100
485	83
486	103
487	80
488	84
489	77
490	109
491	92
492	110
493	127
494	100
495	87
496	85
497	93
498	78
499	76
500	108
501	91
502	54
503	105
504	84
505	136
506	96
507	88
508	86
509	94
510	92
511	132
512	95
513	83
514	82
515	87
516	67
517	112
518	70
519	86
520	77
521	100
522	98
523	95
524	111
525	88
526	103
527	103
528	102
529	94
530	106
531	109
532	57
533	96
534	94
535	90
536	120
537	107
538	113
539	85
540	82
541	93
542	76
543	98
544	101
545	62
546	104
547	103
548	102
549	43
550	101
551	93
552	103
553	93
554	107
555	123
556	99
557	115
558	85
559	86
560	62
561	113
562	93
563	109
564	78
565	115
566	101
567	97
568	104
569	110
570	107
571	120
572	96
573	104
574	93
575	139
576	108
577	103
578	110
579	107
580	95
581	101
582	103
583	122
584	77
585	106
586	88
587	93
588	77
589	106
590	102
591	52
592	117
593	96
594	117
595	119
596	106
597	101
598	99
599	83
600	89
601	121
602	73
603	97
604	126
605	94
606	39
607	94
608	87
609	77
610	79
611	81
612	90
613	83
614	92
615	113
616	80
617	84
618	135
619	99
620	92
621	80
622	129
623	79
624	107
625	113
626	124
627	131
628	107
629	85
630	135
631	99
632	132
633	98
634	127
635	102
636	115
637	76
638	97
639	92
640	104
641	91
642	112
643	103
644	131
645	102
646	76
647	99
648	78
649	90
650	88
651	116
652	74
653	94
654	83
655	106
656	71
657	104
658	88
659	102
660	126
661	91
662	106
663	98
664	100
665	128
666	129
667	114
668	100
669	126
670	104
671	93
672	97
673	96
674	86
675	91
676	56
677	134
678	79
679	100
680	80
681	88
682	104
683	107
684	129
685	61
686	59
687	57
688	68
689	95
690	92
691	99
692	91
693	116
694	103
695	86
696	109
697	92
698	72
699	128
700	95
701	115
702	96
703	92
704	115
705	73
706	102
707	90
708	112
709	93
710	108
711	109
712	106
713	85
714	124
715	91
716	74
717	83
718	126
719	137
720	100
721	106
722	103
723	83
724	97
725	108
726	87
727	76
728	115
729	134
730	108
731	109
732	110
733	65
734	85
735	97
736	135
737	90
738	124
739	101
740	87
741	84
742	84
743	114
744	88
745	94
746	82
747	94
748	97
749	106
750	101
751	120
752	89
753	100
754	66
755	88
756	107
757	100
758	77
759	106
760	117
761	88
762	92
763	89
764	104
765	109
766	76
767	93
768	110
769	101
770	62
771	114
772	108
773	137
774	126
775	84
776	81
777	123
778	86
779	100
780	114
781	88
782	77
783	111
784	99
785	99
786	121
787	58
788	94
789	148
790	101
791	115
792	106
793	99
794	89
795	102
796	101
797	107
798	98
799	114
800	86
801	64
802	71
803	137
804	124
805	105
806	118
807	116
808	108
809	88
810	94
811	77
812	95
813	86
814	109
815	104
816	113
817	97
818	76
819	83
820	103
821	90
822	89
823	109
824	92
825	99
826	116
827	64
828	91
829	87
830	67
831	66
832	139
833	75
834	105
835	96
836	119
837	103
838	103
839	101
840	107
841	100
842	103
843	64
844	93
845	90
846	68
847	133
848	90
849	124
850	80
851	43
852	113
853	88
854	85
855	82
856	77
857	110
858	89
859	86
860	99
861	128
862	57
863	97
864	115
865	93
866	93
867	131
868	100
869	110
870	113
871	111
872	67
873	80
874	83
875	103
876	114
877	94
878	112
879	91
880	112
881	96
882	112
883	101
884	96
885	76
886	76
887	93
888	100
889	117
890	89
891	89
892	113
893	84
894	119
895	99
896	97
897	103
898	109
899	115
900	110
901	112
902	86
903	106
904	97
905	99
906	96
907	104
908	86
909	126
910	45
911	95
912	92
913	106
914	93
915	107
916	93
917	94
918	102
919	122
920	85
921	90
922	92
923	115
924	76
925	113
926	102
927	96
928	92
929	78
930	87
931	94
932	75
933	103
934	107
935	92
936	80
937	103
938	84
939	112
940	112
941	117
942	91
943	106
944	89
945	97
946	115
947	140
948	96
949	64
950	115
951	112
952	103
953	81
954	108
955	100
956	105
957	88
958	94
959	99
960	109
961	71
962	49
963	96
964	95
965	81
966	89
967	66
968	124
969	117
970	98
971	94
972	98
973	74
974	76
975	91
976	115
977	103
978	158
979	74
980	73
981	134
982	77
983	94
984	82
985	93
986	87
987	104
988	85
989	107
990	104
991	102
992	106
993	67
994	76
995	92
996	66
997	113
998	104
999	92
1000	111
1001	98
1002	95
1003	61
1004	86
1005	77
1006	125
1007	87
1008	105
1009	101
1010	77
1011	97
1012	121
1013	95
1014	115
1015	95
1016	104
1017	126
1018	113
1019	112
1020	112
1021	89
1022	88
1023	100
1024	108
1025	88
1026	56
1027	84
1028	94
1029	108
1030	111
1031	97
1032	117
1033	104
1034	88
1035	86
1036	110
1037	134
1038	104
1039	87
1040	87
1041	77
1042	89
1043	85
1044	98
1045	95
1046	140
1047	75
1048	100
1049	85
1050	99
1051	67
1052	71
1053	83
1054	101
1055	95
1056	85
1057	91
1058	90
1059	80
1060	101
1061	110
1062	103
1063	87
1064	89
1065	76
1066	78
1067	93
1068	91
1069	91
1070	63
1071	71
1072	131
1073	84
1074	77
1075	95
1076	73
1077	110
1078	98
1079	67
1080	79
1081	50
1082	93
1083	80
1084	133
1085	123
1086	116
1087	93
1088	79
1089	128
1090	86
1091	71
1092	86
1093	121
1094	95
1095	75
1096	80
1097	98
1098	96
1099	95
1100	95
1101	89
1102	91
1103	98
1104	100
1105	88
1106	106
1107	95
1108	62
1109	93
1110	116
1111	99
1112	96
1113	87
1114	84
1115	100
1116	88
1117	98
1118	112
1119	86
1120	87
1121	110
1122	78
1123	93
1124	99
1125	86
1126	81
1127	73
1128	83
1129	85
1130	84
1131	117
1132	98
1133	44
1134	76
1135	79
1136	75
1137	99
1138	105
1139	113
1140	90
1141	87
1142	114
1143	88
1144	117
1145	100
1146	105
1147	101
1148	105
1149	84
1150	101
1151	18
1152	98
1153	89
1154	93
1155	108
1156	94
1157	86
1158	111
1159	76
1160	93
1161	107
1162	102
1163	92
1164	110
1165	102
1166	111
1167	99
1168	99
1169	94
1170	89
1171	117
1172	65
1173	111
1174	133
1175	112
1176	71
1177	101
1178	115
1179	87
1180	92
1181	107
1182	111
1183	98
1184	120
1185	113
1186	98
1187	136
1188	106
1189	91
1190	58
1191	125
1192	92
1193	74
1194	114
1195	113
1196	115
1197	110
1198	91
1199	108
1200	102
1201	111
1202	115
1203	92
1204	118
1205	108
1206	75
1207	96
1208	74
1209	93
1210	109
1211	85
1212	86
1213	100
1214	73
1215	110
1216	100
1217	105
1218	86
1219	74
1220	103
1221	113
1222	109
1223	147
1224	135
1225	77
1226	104
1227	107
1228	103
1229	104
1230	132
1231	91
1232	104
1233	93
1234	56
1235	99
1236	120
1237	118
1238	122
1239	91
1240	127
1241	132
1242	91
1243	87
1244	109
1245	110
1246	95
1247	102
1248	76
1249	93
1250	70
1251	111
1252	83
1253	64
1254	114
1255	124
1256	117
1257	80
1258	88
1259	105
1260	123
1261	102
1262	68
1263	79
1264	104
1265	114
1266	105
1267	86
1268	91
1269	102
1270	93
1271	73
1272	79
1273	128
1274	94
1275	100
1276	101
1277	103
1278	108
1279	91
1280	105
1281	102
1282	98
1283	97
1284	102
1285	105
1286	89
1287	120
1288	101
1289	70
1290	90
1291	137
1292	94
1293	87
1294	107
1295	104
1296	82
1297	82
1298	115
1299	103
1300	103
1301	111
1302	106
1303	119
1304	124
1305	76
1306	98
1307	87
1308	103
1309	132
1310	97
1311	95
1312	98
1313	109
1314	115
1315	96
1316	115
1317	113
1318	114
1319	132
1320	89
1321	90
1322	117
1323	99
1324	95
1325	108
1326	88
1327	76
1328	107
1329	101
1330	74
1331	92
1332	114
1333	84
1334	100
1335	80
1336	118
1337	128
1338	177
1339	94
1340	129
1341	103
1342	105
1343	109
1344	107
1345	112
1346	94
1347	75
1348	92
1349	108
1350	84
1351	100
1352	89
1353	126
1354	106
1355	129
1356	100
1357	84
1358	92
1359	75
1360	117
1361	75
1362	96
1363	121
1364	109
1365	87
1366	82
1367	78
1368	99
1369	129
1370	103
1371	92
1372	91
1373	123
1374	78
1375	125
1376	94
1377	102
1378	78
1379	125
1380	84
1381	73
1382	156
1383	91
1384	90
1385	94
1386	94
1387	91
1388	108
1389	92
1390	99
1391	83
1392	76
1393	110
1394	89
1395	65
1396	84
1397	48
1398	128
1399	80
1400	109
1401	97
1402	133
1403	120
1404	83
1405	101
1406	113
1407	100
1408	113
1409	123
1410	59
1411	86
1412	49
1413	90
1414	116
1415	107
1416	87
1417	111
1418	108
1419	76
1420	90
1421	102
1422	94
1423	86
1424	99
1425	106
1426	99
1427	99
1428	93
1429	102
1430	95
1431	75
1432	115
1433	75
1434	91
1435	83
1436	51
1437	47
1438	94
1439	84
1440	85
1441	96
1442	106
1443	89
1444	91
1445	96
1446	103
1447	87
1448	89
1449	113
1450	83
1451	95
1452	93
1453	104
1454	117
1455	82
1456	91
1457	96
1458	90
1459	114
1460	105
1461	105
1462	84
1463	95
1464	113
1465	136
1466	104
1467	102
1468	75
1469	105
1470	97
1471	83
1472	96
1473	103
1474	23
1475	84
1476	105
1477	111
1478	86
1479	94
1480	118
1481	97
1482	131
1483	89
1484	77
1485	108
1486	114
1487	107
1488	120
1489	122
1490	74
1491	95
1492	115
1493	65
1494	100
1495	90
1496	116
1497	106
1498	56
1499	106
1500	83
1501	80
1502	92
1503	95
1504	97
1505	96
1506	115
1507	99
1508	100
1509	52
1510	94
1511	88
1512	98
1513	86
1514	98
1515	79
1516	86
1517	91
1518	137
1519	86
1520	113
1521	151
1522	96
1523	108
1524	85
1525	99
1526	94
1527	37
1528	52
1529	108
1530	120
1531	88
1532	0
1533	111
1534	75
1535	125
1536	101
1537	82
1538	95
1539	79
1540	103
1541	59
1542	118
1543	122
1544	75
1545	73
1546	100
1547	107
1548	104
1549	103
1550	86
1551	112
1552	147
1553	133
1554	97
1555	101
1556	73
1557	119
1558	111
1559	100
1560	90
1561	111
1562	110
1563	103
1564	91
1565	59
1566	86
1567	75
1568	112
1569	115
1570	91
1571	96
1572	107
1573	112
1574	76
1575	101
1576	110
1577	114
1578	117
1579	94
1580	107
1581	106
1582	163
1583	70
1584	111
1585	85
1586	109
1587	111
1588	99
1589	124
1590	101
1591	119
1592	85
1593	115
1594	119
1595	90
1596	115
1597	76
1598	91
1599	98
1600	110
1601	102
1602	92
1603	110
1604	54
1605	106
1606	125
1607	58
1608	88
1609	87
1610	92
1611	115
1612	92
1613	81
1614	89
1615	85
1616	99
1617	109
1618	94
1619	89
1620	67
1621	97
1622	84
1623	94
1624	74
1625	93
1626	110
1627	84
1628	79
1629	115
1630	96
1631	97
1632	81
1633	90
1634	99
1635	143
1636	74
1637	113
1638	119
1639	92
1640	94
1641	63
1642	72
1643	88
1644	91
1645	82
1646	97
1647	91
1648	96
1649	96
1650	83
1651	90
1652	76
1653	93
1654	113
1655	106
1656	128
1657	73
1658	88
1659	124
1660	71
1661	108
1662	111
1663	101
1664	68
1665	103
1666	107
1667	86
1668	92
1669	107
1670	131
1671	82
1672	92
1673	119
1674	115
1675	99
1676	86
1677	50
1678	117
1679	127
1680	92
1681	87
1682	103
1683	127
1684	105
1685	112
1686	97
1687	98
1688	113
1689	90
1690	105
1691	103
1692	73
1693	88
1694	87
1695	107
1696	102
1697	103
1698	82
1699	143
1700	82
1701	90
1702	82
1703	87
1704	82
1705	92
1706	90
1707	102
1708	104
1709	131
1710	83
1711	138
1712	86
1713	88
1714	89
1715	87
1716	113
1717	93
1718	80
1719	108
1720	88
1721	104
1722	106
1723	97
1724	101
1725	105
1726	119
1727	119
1728	99
1729	85
1730	77
1731	90
1732	101
1733	98
1734	87
1735	65
1736	106
1737	126
1738	110
1739	85
1740	69
1741	104
1742	120
1743	73
1744	60
1745	48
1746	89
1747	128
1748	100
1749	98
1750	83
1751	121
1752	122
1753	58
1754	97
1755	110
1756	107
1757	82
1758	83
1759	107
1760	92
1761	99
1762	98
1763	84
1764	82
1765	91
1766	86
1767	112
1768	93
1769	109
1770	80
1771	105
1772	120
1773	73
1774	94
1775	93
1776	92
1777	64
1778	103
1779	100
1780	85
1781	83
1782	140
1783	80
1784	93
1785	92
1786	96
1787	91
1788	104
1789	93
1790	104
1791	108
1792	115
1793	90
1794	101
1795	103
1796	49
1797	119
1798	97
1799	56
1800	83
1801	101
1802	73
1803	65
1804	61
1805	112
1806	113
1807	103
1808	133
1809	95
1810	102
1811	98
1812	76
1813	123
1814	90
1815	100
1816	88
1817	66
1818	127
1819	98
1820	74
1821	98
1822	90
1823	98
1824	110
1825	98
1826	103
1827	110
1828	93
1829	79
1830	105
1831	101
1832	103
1833	107
1834	112
1835	90
1836	70
1837	98
1838	84
1839	81
1840	86
1841	76
1842	113
1843	99
1844	111
1845	101
1846	122
1847	99
1848	97
1849	91
1850	97
1851	104
1852	132
1853	78
1854	89
1855	128
1856	130
1857	117
1858	109
1859	107
1860	60
1861	118
1862	101
1863	78
1864	118
1865	103
1866	86
1867	107
1868	64
1869	102
1870	107
1871	98
1872	102
1873	103
1874	87
1875	101
1876	90
1877	88
1878	97
1879	89
1880	118
1881	118
1882	81
1883	83
1884	94
1885	110
1886	74
1887	110
1888	83
1889	75
1890	102
1891	93
1892	92
1893	96
1894	86
1895	109
1896	86
1897	83
1898	110
1899	92
1900	97
1901	88
1902	83
1903	93
1904	96
1905	101
1906	87
1907	93
1908	101
1909	109
1910	87
1911	83
1912	104
1913	87
1914	115
1915	77
1916	116
1917	107
1918	106
1919	88
1920	102
1921	102
1922	99
1923	76
1924	83
1925	119
1926	110
1927	88
1928	150
1929	98
1930	97
1931	172
1932	90
1933	106
1934	94
1935	116
1936	92
1937	73
1938	77
1939	75
1940	86
1941	84
1942	106
1943	99
1944	104
1945	69
1946	65
1947	76
1948	88
1949	130
1950	112
1951	104
1952	98
1953	129
1954	90
1955	111
1956	79
1957	88
1958	100
1959	89
1960	112
1961	96
1962	95
1963	97
1964	93
1965	106
1966	88
1967	103
1968	85
1969	90
1970	96
1971	97
1972	90
1973	83
1974	71
1975	94
1976	89
1977	133
1978	109
1979	64
1980	142
1981	86
1982	79
1983	64
1984	123
1985	93
1986	113
1987	100
1988	90
1989	106
1990	104
1991	94
1992	84
1993	104
1994	87
1995	131
1996	106
1997	108
1998	100
1999	102
2000	82
2001	70
2002	77
2003	101
2004	122
2005	93
2006	90
2007	121
2008	66
2009	86
2010	87
2011	80
2012	121
2013	102
2014	110
2015	103
2016	117
2017	103
2018	109
2019	93
2020	80
2021	66
2022	83
2023	90
2024	115
2025	67
2026	68
2027	103
2028	63
2029	83
2030	103
2031	98
2032	94
2033	104
2034	116
2035	115
2036	87
2037	74
2038	117
2039	110
2040	102
2041	90
2042	92
2043	116
2044	99
2045	74
2046	76
2047	116
2048	92
2049	89
2050	127
2051	103
2052	95
2053	108
2054	93
2055	108
2056	77
2057	111
2058	108
2059	80
2060	100
2061	121
2062	111
2063	96
2064	71
2065	101
2066	98
2067	73
2068	74
2069	72
2070	139
2071	111
2072	123
2073	73
2074	70
2075	67
2076	78
2077	78
2078	110
2079	71
2080	99
2081	108
2082	110
2083	109
2084	122
2085	96
2086	97
2087	66
2088	124
2089	79
2090	98
2091	112
2092	101
2093	110
2094	99
2095	55
2096	90
2097	173
2098	83
2099	72
2100	79
2101	90
2102	96
2103	92
2104	120
2105	67
2106	80
2107	88
2108	124
2109	110
2110	84
2111	87
2112	77
2113	102
2114	103
2115	83
2116	101
2117	92
2118	110
2119	61
2120	120
2121	91
2122	76
2123	88
2124	114
2125	96
2126	112
2127	99
2128	139
2129	81
2130	81
2131	106
2132	71
2133	95
2134	112
2135	99
2136	106
2137	105
2138	89
2139	89
2140	113
2141	95
2142	78
2143	102
2144	97
2145	65
2146	94
2147	79
2148	113
2149	101
2150	103
2151	87
2152	79
2153	103
2154	96
2155	65
2156	80
2157	116
2158	95
2159	131
2160	107
2161	114
2162	107
2163	117
2164	121
2165	68
2166	89
2167	94
2168	111
2169	80
2170	103
2171	81
2172	105
2173	81
2174	104
2175	64
2176	69
2177	103
2178	151
2179	111
2180	101
2181	90
2182	86
2183	98
2184	100
2185	109
2186	100
2187	103
2188	114
2189	97
2190	94
2191	119
2192	117
2193	96
2194	86
2195	137
2196	137
2197	94
2198	104
2199	114
2200	68
2201	70
2202	107
2203	99
2204	32
2205	112
2206	90
2207	108
2208	106
2209	95
2210	96
2211	48
2212	72
2213	109
2214	74
2215	107
2216	108
2217	101
2218	114
2219	105
2220	110
2221	68
2222	122
2223	78
2224	110
2225	85
2226	103
2227	109
2228	88
2229	85
2230	103
2231	97
2232	113
2233	133
2234	96
2235	103
2236	106
2237	89
2238	72
2239	114
2240	99
2241	99
2242	100
2243	106
2244	105
2245	101
2246	80
2247	81
2248	73
2249	87
2250	85
2251	73
2252	96
2253	64
2254	99
2255	95
2256	96
2257	114
2258	111
2259	69
2260	69
2261	120
2262	79
2263	70
2264	75
2265	88
2266	68
2267	98
2268	46
2269	81
2270	90
2271	95
2272	101
2273	66
2274	87
2275	110
2276	92
2277	149
2278	92
2279	79
2280	97
2281	72
2282	68
2283	88
2284	85
2285	89
2286	133
2287	85
2288	80
2289	105
2290	101
2291	41
2292	103
2293	87
2294	110
2295	128
2296	80
2297	111
2298	34
2299	90
2300	107
2301	91
2302	92
2303	110
2304	127
2305	111
2306	104
2307	118
2308	105
2309	79
2310	96
2311	111
2312	120
2313	92
2314	91
2315	84
2316	130
2317	123
2318	54
2319	92
2320	65
2321	92
2322	115
2323	119
2324	108
2325	112
2326	79
2327	78
2328	119
2329	81
2330	96
2331	87
2332	115
2333	107
2334	113
2335	121
2336	93
2337	62
2338	102
2339	83
2340	93
2341	80
2342	114
2343	110
2344	99
2345	153
2346	78
2347	108
2348	120
2349	103
2350	89
2351	112
2352	97
2353	53
2354	62
2355	121
2356	90
2357	115
2358	148
2359	90
2360	94
2361	89
2362	91
2363	87
2364	86
2365	110
2366	71
2367	72
2368	104
2369	104
2370	97
2371	106
2372	66
2373	103
2374	102
2375	117
2376	86
2377	83
2378	83
2379	83
2380	116
2381	113
2382	93
2383	91
2384	101
2385	98
2386	106
2387	103
2388	97
2389	95
2390	88
2391	125
2392	92
2393	103
2394	106
2395	79
2396	108
2397	97
2398	108
2399	109
2400	99
2401	119
2402	91
2403	97
2404	95
2405	158
2406	108
2407	96
2408	77
2409	131
2410	102
2411	109
2412	72
2413	81
2414	136
2415	103
2416	100
2417	109
2418	109
2419	113
2420	90
2421	100
2422	103
2423	108
2424	121
2425	111
2426	106
2427	79
2428	82
2429	123
2430	117
2431	79
2432	80
2433	80
2434	81
2435	86
2436	94
2437	86
2438	111
2439	100
2440	105
2441	122
2442	113
2443	96
2444	105
2445	83
2446	116
2447	119
2448	93
2449	97
2450	111
2451	94
2452	66
2453	88
2454	101
2455	63
2456	91
2457	113
2458	81
2459	95
2460	99
2461	85
2462	95
2463	95
2464	110
2465	132
2466	80
2467	102
2468	100
2469	89
2470	84
2471	127
2472	94
2473	109
2474	98
2475	87
2476	98
2477	109
2478	17
2479	118
2480	86
2481	100
2482	98
2483	88
2484	100
2485	108
2486	102
2487	99
2488	98
2489	58
2490	87
2491	121
2492	102
2493	109
2494	120
2495	112
2496	95
2497	108
2498	105
2499	108
2500	92
2501	82
2502	108
2503	114
2504	107
2505	88
2506	110
2507	120
2508	106
2509	103
2510	89
2511	68
2512	96
2513	87
2514	107
2515	121
2516	112
2517	84
2518	118
2519	109
2520	120
2521	86
2522	107
2523	89
2524	61
2525	97
2526	111
2527	112
2528	100
2529	115
2530	76
2531	92
2532	100
2533	104
2534	114
2535	68
2536	41
2537	100
2538	59
2539	77
2540	88
2541	164
2542	128
2543	105
2544	91
2545	114
2546	95
2547	93
2548	123
2549	126
2550	88
2551	81
2552	118
2553	138
2554	76
2555	98
2556	101
2557	97
2558	96
2559	105
2560	92
2561	90
2562	90
2563	99
2564	124
2565	112
2566	70
2567	87
2568	60
2569	98
2570	103
2571	82
2572	37
2573	101
2574	81
2575	100
2576	115
2577	147
2578	105
2579	100
2580	70
2581	108
2582	55
2583	122
2584	101
2585	102
2586	97
2587	98
2588	102
2589	90
2590	81
2591	109
2592	104
2593	64
2594	84
2595	95
2596	102
2597	91
2598	99
2599	102
2600	109
2601	87
2602	81
2603	108
2604	122
2605	97
2606	97
2607	101
2608	110
2609	75
2610	117
2611	96
2612	70
2613	71
2614	93
2615	110
2616	97
2617	97
2618	89
2619	91
2620	45
2621	109
2622	110
2623	101
2624	97
2625	78
2626	91
2627	97
2628	95
2629	132
2630	106
2631	151
2632	110
2633	108
2634	87
2635	107
2636	114
2637	96
2638	67
2639	127
2640	81
2641	131
2642	104
2643	109
2644	85
2645	99
2646	81
2647	103
2648	99
2649	101
2650	92
2651	84
2652	91
2653	109
2654	65
2655	59
2656	94
2657	66
2658	120
2659	73
2660	102
2661	109
2662	78
2663	104
2664	123
2665	106
2666	87
2667	104
2668	117
2669	112
2670	92
2671	92
2672	118
2673	97
2674	104
2675	71
2676	72
2677	73
2678	131
2679	113
2680	101
2681	72
2682	90
2683	89
2684	101
2685	119
2686	112
2687	134
2688	108
2689	88
2690	132
2691	129
2692	106
2693	94
2694	102
2695	109
2696	71
2697	104
2698	103
2699	65
2700	94
2701	86
2702	67
2703	113
2704	142
2705	81
2706	118
2707	87
2708	100
2709	99
2710	96
2711	85
2712	86
2713	78
2714	107
2715	101
2716	99
2717	107
2718	96
2719	96
2720	105
2721	108
2722	105
2723	94
2724	93
2725	102
2726	84
2727	103
2728	104
2729	111
2730	90
2731	89
2732	97
2733	104
2734	97
2735	118
2736	119
2737	120
2738	103
2739	83
2740	106
2741	89
2742	106
2743	99
2744	84
2745	92
2746	116
2747	107
2748	100
2749	75
2750	110
2751	103
2752	82
2753	121
2754	111
2755	111
2756	74
2757	109
2758	133
2759	95
2760	76
2761	107
2762	101
2763	92
2764	87
2765	67
2766	109
2767	44
2768	100
2769	96
2770	100
2771	115
2772	90
2773	96
2774	86
2775	116
2776	92
2777	80
2778	97
2779	98
2780	119
2781	96
2782	81
2783	77
2784	108
2785	81
2786	70
2787	80
2788	93
2789	104
2790	104
2791	91
2792	97
2793	97
2794	98
2795	96
2796	79
2797	125
2798	120
2799	95
2800	115
2801	86
2802	83
2803	103
2804	102
2805	75
2806	105
2807	78
2808	89
2809	141
2810	41
2811	126
2812	81
2813	99
2814	85
2815	56
2816	108
2817	115
2818	78
2819	87
2820	100
2821	99
2822	85
2823	91
2824	117
2825	107
2826	110
2827	97
2828	111
2829	84
2830	123
2831	76
2832	122
2833	95
2834	104
2835	78
2836	86
2837	87
2838	112
2839	103
2840	85
2841	101
2842	106
2843	114
2844	83
2845	124
2846	87
2847	125
2848	80
2849	89
2850	84
2851	94
2852	92
2853	88
2854	104
2855	82
2856	85
2857	82
2858	93
2859	77
2860	105
2861	51
2862	61
2863	84
2864	75
2865	85
2866	69
2867	104
2868	91
2869	132
2870	91
2871	84
2872	73
2873	70
2874	112
2875	93
2876	90
2877	82
2878	102
2879	83
2880	116
2881	85
2882	76
2883	46
2884	99
2885	113
2886	135
2887	107
2888	97
2889	80
2890	63
2891	107
2892	106
2893	99
2894	108
2895	88
2896	92
2897	114
2898	98
2899	122
2900	86
2901	102
2902	84
2903	110
2904	115
2905	70
2906	98
2907	86
2908	114
2909	113
2910	102
2911	95
2912	75
2913	93
2914	83
2915	87
2916	66
2917	115
2918	72
2919	116
2920	75
2921	93
2922	108
2923	82
2924	107
2925	102
2926	81
2927	118
2928	104
2929	88
2930	108
2931	130
2932	99
2933	100
2934	90
2935	90
2936	96
2937	92
2938	85
2939	75
2940	101
2941	84
2942	78
2943	99
2944	111
2945	95
2946	107
2947	94
2948	82
2949	120
2950	94
2951	109
2952	101
2953	49
2954	71
2955	69
2956	81
2957	117
2958	54
2959	62
2960	106
2961	82
2962	88
2963	78
2964	88
2965	104
2966	81
2967	100
2968	109
2969	112
2970	89
2971	125
2972	81
2973	92
2974	82
2975	119
2976	83
2977	75
2978	107
2979	98
2980	107
2981	103
2982	101
2983	93
2984	92
2985	87
2986	96
2987	111
2988	135
2989	94
2990	103
2991	100
2992	89
2993	90
2994	97
2995	96
2996	115
2997	88
2998	102
2999	64
3000	101
3001	102
3002	126
3003	96
3004	102
3005	80
3006	119
3007	112
3008	93
3009	78
3010	93
3011	116
3012	91
3013	99
3014	138
3015	98
3016	119
3017	104
3018	107
3019	116
3020	112
3021	59
3022	113
3023	92
3024	104
3025	113
3026	114
3027	116
3028	92
3029	124
3030	67
3031	92
3032	74
3033	92
3034	63
3035	95
3036	85
3037	94
3038	77
3039	110
3040	113
3041	128
3042	85
3043	75
3044	98
3045	59
3046	84
3047	110
3048	104
3049	63
3050	98
3051	89
3052	88
3053	97
3054	100
3055	99
3056	99
3057	108
3058	120
3059	81
3060	102
3061	108
3062	76
3063	81
3064	91
3065	97
3066	94
3067	115
3068	102
3069	137
3070	87
3071	99
3072	80
3073	92
3074	90
3075	79
3076	66
3077	91
3078	86
3079	75
3080	88
3081	99
3082	75
3083	95
3084	87
3085	130
3086	89
3087	113
3088	107
3089	84
3090	89
3091	70
3092	99
3093	86
3094	95
3095	120
3096	64
3097	92
3098	88
3099	113
3100	86
3101	79
3102	87
3103	70
3104	80
3105	104
3106	41
3107	86
3108	68
3109	85
3110	113
3111	109
3112	84
3113	109
3114	99
3115	111
3116	60
3117	112
3118	42
3119	100
3120	102
3121	99
3122	105
3123	100
3124	78
3125	110
3126	92
3127	104
3128	137
3129	118
3130	86
3131	150
3132	115
3133	93
3134	94
3135	96
3136	115
3137	96
3138	87
3139	98
3140	124
3141	87
3142	118
3143	109
3144	89
3145	119
3146	132
3147	68
3148	102
3149	80
3150	87
3151	102
3152	103
3153	115
3154	106
3155	87
3156	90
3157	95
3158	106
3159	80
3160	107
3161	114
3162	93
3163	92
3164	99
3165	104
3166	89
3167	74
3168	113
3169	92
3170	99
3171	81
3172	90
3173	135
3174	123
3175	90
3176	74
3177	100
3178	104
3179	118
3180	109
3181	92
3182	108
3183	98
3184	68
3185	97
3186	97
3187	98
3188	90
3189	97
3190	91
3191	113
3192	82
3193	143
3194	73
3195	88
3196	90
3197	95
3198	102
3199	48
3200	97
3201	113
3202	109
3203	102
3204	102
3205	83
3206	52
3207	88
3208	110
3209	95
3210	58
3211	113
3212	94
3213	113
3214	98
3215	108
3216	88
3217	122
3218	94
3219	83
3220	113
3221	92
3222	93
3223	88
3224	90
3225	90
3226	96
3227	92
3228	112
3229	97
3230	112
3231	116
3232	81
3233	102
3234	109
3235	103
3236	98
3237	107
3238	98
3239	80
3240	111
3241	121
3242	89
3243	112
3244	90
3245	139
3246	107
3247	106
3248	69
3249	101
3250	69
3251	109
3252	93
3253	74
3254	90
3255	144
3256	113
3257	148
3258	98
3259	97
3260	136
3261	108
3262	96
3263	99
3264	101
3265	78
3266	92
3267	92
3268	89
3269	73
3270	96
3271	80
3272	110
3273	109
3274	109
3275	129
3276	93
3277	91
3278	122
3279	88
3280	88
3281	96
3282	100
3283	98
3284	93
3285	94
3286	93
3287	58
3288	125
3289	104
3290	83
3291	110
3292	76
3293	93
3294	114
3295	113
3296	109
3297	108
3298	113
3299	60
3300	115
3301	93
3302	125
3303	94
3304	95
3305	99
3306	26
3307	79
3308	87
3309	82
3310	111
3311	109
3312	112
3313	67
3314	95
3315	93
3316	91
3317	109
3318	114
3319	118
3320	111
3321	95
3322	77
3323	88
3324	79
3325	89
3326	124
3327	61
3328	97
3329	120
3330	115
3331	84
3332	100
3333	94
3334	116
3335	120
3336	84
3337	69
3338	105
3339	73
3340	95
3341	110
3342	81
3343	84
3344	96
3345	77
3346	69
3347	117
3348	110
3349	103
3350	104
3351	100
3352	110
3353	81
3354	113
3355	79
3356	120
3357	100
3358	80
3359	101
3360	148
3361	51
3362	104
3363	99
3364	83
3365	106
3366	84
3367	101
3368	95
3369	90
3370	110
3371	107
3372	90
3373	125
3374	113
3375	158
3376	95
3377	116
3378	62
3379	104
3380	86
3381	84
3382	97
3383	120
3384	90
3385	119
3386	133
3387	87
3388	86
3389	94
3390	112
3391	93
3392	151
3393	81
3394	78
3395	109
3396	84
3397	86
3398	108
3399	130
3400	118
3401	95
3402	121
3403	66
3404	93
3405	108
3406	90
3407	122
3408	108
3409	73
3410	106
3411	92
3412	83
3413	111
3414	75
3415	88
3416	104
3417	98
3418	98
3419	83
3420	68
3421	77
3422	97
3423	79
3424	85
3425	83
3426	92
3427	83
3428	113
3429	86
3430	82
3431	130
3432	101
3433	119
3434	106
3435	144
3436	107
3437	107
3438	78
3439	112
3440	89
3441	93
3442	84
3443	61
3444	80
3445	96
3446	125
3447	97
3448	118
3449	98
3450	144
3451	38
3452	88
3453	68
3454	90
3455	89
3456	61
3457	62
3458	110
3459	106
3460	91
3461	114
3462	112
3463	99
3464	122
3465	110
3466	100
3467	106
3468	81
3469	62
3470	81
3471	86
3472	97
3473	96
3474	87
3475	84
3476	46
3477	60
3478	91
3479	74
3480	90
3481	94
3482	103
3483	137
3484	106
3485	91
3486	101
3487	118
3488	81
3489	96
3490	77
3491	95
3492	127
3493	123
3494	144
3495	97
3496	96
3497	93
3498	95
3499	115
3500	133
3501	79
3502	87
3503	114
3504	90
3505	142
3506	108
3507	106
3508	120
3509	113
3510	104
3511	95
3512	93
3513	86
3514	104
3515	93
3516	95
3517	113
3518	97
3519	109
3520	105
3521	109
3522	98
3523	97
3524	89
3525	106
3526	87
3527	99
3528	110
3529	104
3530	82
3531	117
3532	115
3533	107
3534	86
3535	109
3536	162
3537	94
3538	92
3539	118
3540	103
3541	89
3542	114
3543	91
3544	100
3545	92
3546	97
3547	74
3548	86
3549	95
3550	78
3551	123
3552	117
3553	76
3554	90
3555	124
3556	102
3557	107
3558	97
3559	97
3560	72
3561	75
3562	103
3563	123
3564	76
3565	125
3566	27
3567	111
3568	81
3569	104
3570	85
3571	96
3572	93
3573	106
3574	94
3575	124
3576	83
3577	98
3578	90
3579	89
3580	86
3581	111
3582	99
3583	91
3584	120
3585	103
3586	101
3587	105
3588	142
3589	78
3590	109
3591	92
3592	83
3593	90
3594	94
3595	70
3596	117
3597	95
3598	88
3599	103
3600	111
3601	84
3602	99
3603	110
3604	91
3605	103
3606	110
3607	83
3608	51
3609	132
3610	63
3611	86
3612	69
3613	73
3614	109
3615	76
3616	91
3617	74
3618	65
3619	115
3620	118
3621	121
3622	94
3623	121
3624	98
3625	114
3626	105
3627	99
3628	80
3629	104
3630	73
3631	72
3632	104
3633	110
3634	104
3635	114
3636	110
3637	101
3638	78
3639	108
3640	91
3641	109
3642	137
3643	114
3644	94
3645	66
3646	100
3647	111
3648	65
3649	56
3650	119
3651	69
3652	92
3653	45
3654	74
3655	137
3656	122
3657	84
3658	93
3659	94
3660	112
3661	71
3662	94
3663	97
3664	140
3665	81
3666	95
3667	86
3668	75
3669	121
3670	85
3671	82
3672	110
3673	119
3674	103
3675	90
3676	97
3677	99
3678	88
3679	154
3680	69
3681	105
3682	107
3683	101
3684	98
3685	102
3686	103
3687	102
3688	89
3689	88
3690	93
3691	103
3692	77
3693	95
3694	95
3695	85
3696	94
3697	82
3698	124
3699	97
3700	47
3701	130
3702	94
3703	103
3704	112
3705	122
3706	85
3707	100
3708	80
3709	107
3710	102
3711	108
3712	124
3713	93
3714	90
3715	99
3716	105
3717	102
3718	109
3719	102
3720	93
3721	60
3722	102
3723	110
3724	96
3725	125
3726	99
3727	73
3728	83
3729	77
3730	91
3731	151
3732	109
3733	93
3734	92
3735	100
3736	116
3737	116
3738	112
3739	83
3740	169
3741	99
3742	105
3743	74
3744	144
3745	115
3746	104
3747	142
3748	97
3749	135
3750	108
3751	86
3752	97
3753	115
3754	102
3755	107
3756	107
3757	81
3758	107
3759	94
3760	72
3761	92
3762	94
3763	84
3764	98
3765	116
3766	132
3767	108
3768	91
3769	105
3770	84
3771	80
3772	96
3773	111
3774	74
3775	103
3776	115
3777	70
3778	122
3779	95
3780	113
3781	132
3782	111
3783	70
3784	90
3785	99
3786	94
3787	96
3788	102
3789	107
3790	103
3791	112
3792	103
3793	54
3794	89
3795	79
3796	79
3797	67
3798	131
3799	88
3800	109
3801	75
3802	112
3803	98
3804	95
3805	106
3806	125
3807	78
3808	96
3809	70
3810	106
3811	70
3812	109
3813	85
3814	91
3815	98
3816	84
3817	100
3818	139
3819	107
3820	95
3821	110
3822	93
3823	85
3824	129
3825	111
3826	105
3827	101
3828	117
3829	97
3830	98
3831	82
3832	98
3833	83
3834	126
3835	75
3836	100
3837	131
3838	110
3839	76
3840	86
3841	100
3842	91
3843	108
3844	97
3845	96
3846	121
3847	110
3848	74
3849	101
3850	107
3851	94
3852	104
3853	105
3854	99
3855	98
3856	89
3857	112
3858	93
3859	47
3860	113
3861	98
3862	123
3863	103
3864	130
3865	130
3866	82
3867	97
3868	116
3869	105
3870	90
3871	95
3872	108
3873	126
3874	80
3875	52
3876	85
3877	97
3878	85
3879	112
3880	110
3881	83
3882	102
3883	82
3884	120
3885	115
3886	89
3887	91
3888	119
3889	96
3890	83
3891	103
3892	94
3893	96
3894	99
3895	97
3896	67
3897	100
3898	74
3899	109
3900	96
3901	103
3902	95
3903	128
3904	78
3905	115
3906	126
3907	116
3908	96
3909	121
3910	102
3911	77
3912	99
3913	75
3914	99
3915	87
3916	91
3917	111
3918	91
3919	106
3920	108
3921	87
3922	88
3923	113
3924	87
3925	103
3926	96
3927	100
3928	108
3929	104
3930	95
3931	121
3932	104
3933	95
3934	62
3935	128
3936	71
3937	107
3938	108
3939	101
3940	95
3941	100
3942	128
3943	97
3944	92
3945	99
3946	96
3947	93
3948	98
3949	94
3950	102
3951	46
3952	116
3953	95
3954	117
3955	100
3956	89
3957	110
3958	120
3959	97
3960	107
3961	114
3962	96
3963	146
3964	74
3965	114
3966	60
3967	80
3968	105
3969	100
3970	100
3971	117
3972	84
3973	83
3974	94
3975	101
3976	88
3977	108
3978	87
3979	96
3980	102
3981	54
3982	77
3983	72
3984	93
3985	96
3986	86
3987	93
3988	81
3989	183
3990	98
3991	94
3992	99
3993	137
3994	118
3995	100
3996	119
3997	80
3998	94
3999	124
4000	92
4001	81
4002	81
4003	76
4004	79
4005	113
4006	84
4007	89
4008	103
4009	90
4010	98
4011	102
4012	98
4013	95
4014	76
4015	77
4016	90
4017	71
4018	74
4019	97
4020	114
4021	67
4022	94
4023	118
4024	108
4025	101
4026	72
4027	85
4028	71
4029	64
4030	92
4031	101
4032	89
4033	103
4034	94
4035	99
4036	124
4037	71
4038	99
4039	96
4040	79
4041	101
4042	68
4043	107
4044	119
4045	64
4046	105
4047	88
4048	103
4049	119
4050	44
4051	86
4052	87
4053	99
4054	99
4055	123
4056	94
4057	82
4058	55
4059	111
4060	111
4061	116
4062	95
4063	86
4064	72
4065	106
4066	84
4067	75
4068	81
4069	118
4070	88
4071	100
4072	105
4073	114
4074	94
4075	81
4076	101
4077	112
4078	99
4079	94
4080	71
4081	103
4082	116
4083	91
4084	108
4085	104
4086	78
4087	74
4088	70
4089	96
4090	99
4091	76
4092	98
4093	103
4094	114
4095	100
4096	102
4097	74
4098	102
4099	107
4100	74
4101	104
4102	107
4103	96
4104	102
4105	89
4106	88
4107	102
4108	51
4109	106
4110	103
4111	97
4112	79
4113	104
4114	67
4115	87
4116	98
4117	95
4118	105
4119	107
4120	96
4121	137
4122	70
4123	6
4124	39
4125	88
4126	108
4127	115
4128	116
4129	93
4130	101
4131	109
4132	107
4133	108
4134	93
4135	98
4136	86
4137	121
4138	72
4139	110
4140	35
4141	124
4142	97
4143	110
4144	92
4145	81
4146	95
4147	113
4148	87
4149	92
4150	114
4151	107
4152	92
4153	60
4154	69
4155	97
4156	84
4157	108
4158	125
4159	101
4160	92
4161	104
4162	100
4163	94
4164	82
4165	88
4166	117
4167	124
4168	65
4169	116
4170	69
4171	117
4172	80
4173	79
4174	90
4175	107
4176	94
4177	115
4178	100
4179	114
4180	89
4181	101
4182	93
4183	95
4184	110
4185	91
4186	106
4187	109
4188	84
4189	87
4190	87
4191	124
4192	112
4193	85
4194	73
4195	130
4196	120
4197	112
4198	52
4199	88
4200	91
4201	110
4202	86
4203	68
4204	78
4205	138
4206	64
4207	110
4208	94
4209	136
4210	85
4211	106
4212	90
4213	139
4214	124
4215	97
4216	122
4217	85
4218	104
4219	120
4220	94
4221	66
4222	107
4223	104
4224	102
4225	119
4226	101
4227	124
4228	75
4229	115
4230	77
4231	95
4232	104
4233	87
4234	94
4235	123
4236	82
4237	89
4238	108
4239	110
4240	110
4241	84
4242	75
4243	97
4244	104
4245	84
4246	94
4247	112
4248	96
4249	125
4250	115
4251	121
4252	86
4253	90
4254	105
4255	111
4256	93
4257	80
4258	70
4259	70
4260	62
4261	99
4262	98
4263	80
4264	113
4265	106
4266	78
4267	125
4268	78
4269	94
4270	86
4271	114
4272	105
4273	110
4274	89
4275	63
4276	33
4277	134
4278	80
4279	121
4280	57
4281	116
4282	91
4283	92
4284	119
4285	85
4286	108
4287	114
4288	83
4289	98
4290	125
4291	95
4292	109
4293	87
4294	125
4295	89
4296	130
4297	116
4298	86
4299	96
4300	119
4301	89
4302	126
4303	151
4304	94
4305	106
4306	92
4307	56
4308	115
4309	72
4310	89
4311	88
4312	115
4313	126
4314	88
4315	127
4316	106
4317	102
4318	108
4319	136
4320	111
4321	95
4322	81
4323	89
4324	94
4325	98
4326	121
4327	45
4328	104
4329	102
4330	98
4331	83
4332	86
4333	92
4334	84
4335	88
4336	104
4337	87
4338	69
4339	97
4340	93
4341	103
4342	113
4343	75
4344	107
4345	100
4346	97
4347	91
4348	94
4349	87
4350	103
4351	94
4352	90
4353	104
4354	90
4355	89
4356	118
4357	73
4358	114
4359	88
4360	24
4361	119
4362	94
4363	112
4364	88
4365	96
4366	80
4367	116
4368	79
4369	99
4370	101
4371	92
4372	107
4373	75
4374	92
4375	84
4376	86
4377	77
4378	83
4379	82
4380	106
4381	84
4382	89
4383	85
4384	83
4385	84
4386	79
4387	118
4388	114
4389	114
4390	117
4391	103
4392	103
4393	86
4394	67
4395	114
4396	81
4397	110
4398	99
4399	86
4400	108
4401	91
4402	103
4403	124
4404	84
4405	97
4406	94
4407	105
4408	87
4409	124
4410	122
4411	95
4412	116
4413	87
4414	69
4415	107
4416	96
4417	112
4418	113
4419	120
4420	58
4421	101
4422	84
4423	89
4424	88
4425	76
4426	93
4427	99
4428	78
4429	126
4430	101
4431	84
4432	90
4433	108
4434	102
4435	94
4436	77
4437	182
4438	96
4439	93
4440	104
4441	74
4442	77
4443	99
4444	90
4445	114
4446	94
4447	88
4448	93
4449	120
4450	116
4451	121
4452	100
4453	99
4454	84
4455	96
4456	108
4457	91
4458	88
4459	79
4460	100
4461	90
4462	100
4463	79
4464	131
4465	71
4466	84
4467	109
4468	90
4469	100
4470	96
4471	89
4472	77
4473	102
4474	107
4475	108
4476	128
4477	93
4478	96
4479	70
4480	94
4481	95
4482	88
4483	88
4484	85
4485	84
4486	82
4487	108
4488	95
4489	94
4490	97
4491	99
4492	92
4493	97
4494	98
4495	93
4496	73
4497	121
4498	87
4499	116
4500	132
4501	117
4502	77
4503	95
4504	97
4505	100
4506	95
4507	117
4508	101
4509	89
4510	90
4511	95
4512	93
4513	91
4514	96
4515	105
4516	97
4517	74
4518	94
4519	131
4520	109
4521	109
4522	113
4523	91
4524	77
4525	80
4526	103
4527	73
4528	73
4529	87
4530	103
4531	98
4532	106
4533	134
4534	114
4535	69
4536	100
4537	114
4538	70
4539	124
4540	102
4541	121
4542	90
4543	109
4544	102
4545	90
4546	96
4547	37
4548	83
4549	102
4550	105
4551	108
4552	109
4553	79
4554	96
4555	85
4556	96
4557	94
4558	126
4559	85
4560	96
4561	79
4562	94
4563	106
4564	98
4565	98
4566	122
4567	113
4568	90
4569	128
4570	128
4571	92
4572	84
4573	75
4574	92
4575	103
4576	112
4577	45
4578	91
4579	94
4580	109
4581	109
4582	50
4583	102
4584	105
4585	91
4586	107
4587	88
4588	87
4589	91
4590	95
4591	113
4592	87
4593	99
4594	45
4595	130
4596	72
4597	107
4598	108
4599	96
4600	72
4601	79
4602	99
4603	106
4604	99
4605	103
4606	97
4607	105
4608	120
4609	97
4610	107
4611	89
4612	64
4613	95
4614	87
4615	83
4616	99
4617	98
4618	97
4619	145
4620	87
4621	106
4622	90
4623	85
4624	104
4625	98
4626	82
4627	128
4628	98
4629	125
4630	117
4631	104
4632	57
4633	75
4634	110
4635	90
4636	80
4637	79
4638	128
4639	67
4640	107
4641	103
4642	92
4643	108
4644	100
4645	93
4646	68
4647	106
4648	165
4649	125
4650	120
4651	117
4652	108
4653	61
4654	119
4655	100
4656	59
4657	146
4658	92
4659	111
4660	95
4661	104
4662	62
4663	79
4664	95
4665	76
4666	99
4667	92
4668	94
4669	102
4670	42
4671	92
4672	86
4673	113
4674	97
4675	135
4676	87
4677	88
4678	127
4679	89
4680	74
4681	95
4682	89
4683	62
4684	71
4685	90
4686	108
4687	83
4688	116
4689	108
4690	101
4691	100
4692	107
4693	58
4694	87
4695	98
4696	82
4697	91
4698	100
4699	122
4700	90
4701	90
4702	84
4703	112
4704	83
4705	99
4706	105
4707	108
4708	113
4709	82
4710	120
4711	66
4712	63
4713	105
4714	58
4715	135
4716	98
4717	83
4718	86
4719	113
4720	93
4721	86
4722	97
4723	86
4724	86
4725	97
4726	101
4727	86
4728	82
4729	81
4730	124
4731	44
4732	108
4733	98
4734	102
4735	101
4736	115
4737	88
4738	117
4739	89
4740	114
4741	91
4742	93
4743	110
4744	108
4745	101
4746	135
4747	93
4748	118
4749	71
4750	105
4751	92
4752	105
4753	104
4754	63
4755	93
4756	67
4757	115
4758	117
4759	119
4760	131
4761	114
4762	67
4763	57
4764	83
4765	103
4766	101
4767	51
4768	74
4769	69
4770	86
4771	68
4772	121
4773	83
4774	116
4775	87
4776	99
4777	98
4778	122
4779	97
4780	98
4781	87
4782	82
4783	85
4784	97
4785	102
4786	113
4787	75
4788	105
4789	104
4790	91
4791	110
4792	79
4793	104
4794	97
4795	90
4796	113
4797	74
4798	99
4799	93
4800	117
4801	74
4802	89
4803	102
4804	72
4805	117
4806	139
4807	107
4808	107
4809	103
4810	131
4811	87
4812	122
4813	77
4814	79
4815	98
4816	99
4817	107
4818	111
4819	86
4820	97
4821	104
4822	100
4823	68
4824	104
4825	128
4826	100
4827	101
4828	76
4829	100
4830	87
4831	98
4832	104
4833	97
4834	99
4835	101
4836	71
4837	122
4838	137
4839	78
4840	100
4841	101
4842	122
4843	123
4844	98
4845	106
4846	108
4847	98
4848	104
4849	123
4850	97
4851	105
4852	117
4853	75
4854	83
4855	107
4856	115
4857	109
4858	102
4859	89
4860	101
4861	95
4862	119
4863	127
4864	79
4865	117
4866	98
4867	71
4868	89
4869	78
4870	111
4871	132
4872	58
4873	103
4874	107
4875	81
4876	80
4877	89
4878	92
4879	90
4880	89
4881	108
4882	113
4883	108
4884	77
4885	98
4886	110
4887	81
4888	105
4889	96
4890	143
4891	106
4892	109
4893	79
4894	98
4895	117
4896	98
4897	101
4898	106
4899	107
4900	82
4901	32
4902	109
4903	108
4904	100
4905	119
4906	92
4907	87
4908	87
4909	93
4910	78
4911	106
4912	95
4913	98
4914	74
4915	102
4916	55
4917	105
4918	106
4919	81
4920	148
4921	60
4922	97
4923	74
4924	110
4925	130
4926	125
4927	102
4928	104
4929	109
4930	92
4931	88
4932	103
4933	84
4934	102
4935	95
4936	80
4937	110
4938	129
4939	138
4940	80
4941	93
4942	103
4943	98
4944	95
4945	100
4946	88
4947	78
4948	67
4949	133
4950	79
4951	100
4952	102
4953	114
4954	97
4955	111
4956	52
4957	134
4958	103
4959	89
4960	97
4961	132
4962	71
4963	110
4964	88
4965	101
4966	104
4967	103
4968	112
4969	81
4970	114
4971	104
4972	125
4973	91
4974	100
4975	94
4976	92
4977	102
4978	93
4979	82
4980	83
4981	85
4982	119
4983	85
4984	103
4985	90
4986	116
4987	89
4988	101
4989	93
4990	111
4991	87
4992	89
4993	120
4994	111
4995	93
4996	97
4997	95
4998	66
4999	67
5000	91
5001	64
5002	54
5003	87
5004	92
5005	102
5006	96
5007	61
5008	77
5009	46
5010	65
5011	103
5012	81
5013	91
5014	98
5015	84
5016	94
5017	128
5018	117
5019	116
5020	107
5021	66
5022	88
5023	87
5024	109
5025	99
5026	117
5027	87
5028	99
5029	131
5030	44
5031	94
5032	87
5033	108
5034	85
5035	105
5036	93
5037	99
5038	81
5039	115
5040	111
5041	113
5042	59
5043	104
5044	96
5045	134
5046	105
5047	94
5048	81
5049	115
5050	86
5051	63
5052	86
5053	111
5054	79
5055	69
5056	104
5057	109
5058	95
5059	84
5060	71
5061	104
5062	101
5063	87
5064	120
5065	87
5066	132
5067	108
5068	147
5069	95
5070	99
5071	113
5072	81
5073	101
5074	78
5075	103
5076	97
5077	77
5078	53
5079	109
5080	105
5081	60
5082	106
5083	110
5084	103
5085	137
5086	81
5087	102
5088	139
5089	102
5090	116
5091	84
5092	85
5093	90
5094	74
5095	115
5096	95
5097	113
5098	127
5099	118
5100	105
5101	72
5102	85
5103	69
5104	86
5105	83
5106	85
5107	101
5108	79
5109	77
5110	101
5111	108
5112	68
5113	113
5114	103
5115	111
5116	110
5117	99
5118	92
5119	93
5120	69
5121	61
5122	109
5123	110
5124	88
5125	97
5126	103
5127	87
5128	98
5129	103
5130	109
5131	87
5132	43
5133	97
5134	97
5135	95
5136	95
5137	70
5138	89
5139	90
5140	130
5141	94
5142	93
5143	94
5144	94
5145	78
5146	112
5147	80
5148	97
5149	94
5150	88
5151	94
5152	90
5153	77
5154	126
5155	119
5156	62
5157	80
5158	100
5159	63
5160	120
5161	97
5162	91
5163	95
5164	107
5165	96
5166	93
5167	99
5168	56
5169	105
5170	114
5171	118
5172	117
5173	85
5174	112
5175	93
5176	110
5177	117
5178	95
5179	112
5180	103
5181	75
5182	118
5183	87
5184	101
5185	94
5186	100
5187	92
5188	88
5189	88
5190	88
5191	120
5192	114
5193	104
5194	97
5195	109
5196	99
5197	91
5198	87
5199	123
5200	109
5201	96
5202	77
5203	116
5204	102
5205	90
5206	79
5207	125
5208	76
5209	113
5210	98
5211	107
5212	86
5213	82
5214	91
5215	101
5216	64
5217	107
5218	92
5219	113
5220	135
5221	77
5222	80
5223	81
5224	91
5225	66
5226	99
5227	97
5228	80
5229	113
5230	55
5231	95
5232	86
5233	96
5234	94
5235	111
5236	117
5237	111
5238	73
5239	71
5240	79
5241	89
5242	102
5243	106
5244	125
5245	97
5246	117
5247	91
5248	85
5249	70
5250	75
5251	126
5252	110
5253	115
5254	131
5255	70
5256	102
5257	92
5258	100
5259	90
5260	99
5261	105
5262	99
5263	98
5264	115
5265	90
5266	94
5267	123
5268	136
5269	96
5270	91
5271	98
5272	93
5273	79
5274	97
5275	106
5276	118
5277	74
5278	77
5279	102
5280	81
5281	121
5282	58
5283	115
5284	93
5285	92
5286	89
5287	75
5288	82
5289	96
5290	74
5291	87
5292	98
5293	90
5294	97
5295	94
5296	75
5297	100
5298	80
5299	98
5300	100
5301	90
5302	88
5303	98
5304	136
5305	60
5306	96
5307	80
5308	49
5309	99
5310	98
5311	108
5312	121
5313	104
5314	90
5315	73
5316	80
5317	77
5318	103
5319	76
5320	72
5321	100
5322	83
5323	112
5324	119
5325	92
5326	104
5327	84
5328	100
5329	110
5330	106
5331	128
5332	105
5333	105
5334	107
5335	94
5336	116
5337	87
5338	100
5339	91
5340	112
5341	109
5342	91
5343	119
5344	89
5345	97
5346	82
5347	109
5348	74
5349	113
5350	97
5351	93
5352	104
5353	88
5354	95
5355	97
5356	76
5357	84
5358	105
5359	84
5360	92
5361	109
5362	102
5363	91
5364	54
5365	95
5366	89
5367	96
5368	101
5369	55
5370	117
5371	107
5372	104
5373	88
5374	86
5375	110
5376	83
5377	90
5378	116
5379	94
5380	105
5381	98
5382	120
5383	96
5384	77
5385	73
5386	96
5387	86
5388	104
5389	114
5390	115
5391	88
5392	116
5393	88
5394	88
5395	82
5396	79
5397	98
5398	72
5399	108
5400	84
5401	100
5402	101
5403	121
5404	133
5405	112
5406	121
5407	107
5408	90
5409	87
5410	94
5411	108
5412	69
5413	77
5414	133
5415	74
5416	89
5417	100
5418	124
5419	68
5420	109
5421	112
5422	84
5423	79
5424	111
5425	98
5426	119
5427	105
5428	97
5429	96
5430	81
5431	92
5432	120
5433	113
5434	98
5435	100
5436	144
5437	122
5438	91
5439	101
5440	100
5441	82
5442	52
5443	102
5444	90
5445	75
5446	107
5447	119
5448	84
5449	100
5450	97
5451	95
5452	102
5453	43
5454	115
5455	101
5456	110
5457	106
5458	117
5459	101
5460	92
5461	77
5462	118
5463	87
5464	116
5465	120
5466	119
5467	98
5468	113
5469	110
5470	102
5471	121
5472	95
5473	90
5474	104
5475	81
5476	119
5477	127
5478	117
5479	83
5480	79
5481	107
5482	60
5483	67
5484	97
5485	92
5486	89
5487	93
5488	98
5489	108
5490	126
5491	101
5492	107
5493	100
5494	63
5495	96
5496	95
5497	96
5498	100
5499	97
5500	106
5501	112
5502	65
5503	94
5504	84
5505	126
5506	113
5507	82
5508	101
5509	64
5510	104
5511	110
5512	92
5513	93
5514	112
5515	76
5516	96
5517	77
5518	99
5519	120
5520	93
5521	104
5522	97
5523	91
5524	96
5525	101
5526	74
5527	94
5528	109
5529	85
5530	101
5531	101
5532	77
5533	71
5534	90
5535	106
5536	100
5537	87
5538	95
5539	87
5540	100
5541	107
5542	75
5543	94
5544	104
5545	72
5546	123
5547	114
5548	129
5549	103
5550	92
5551	99
5552	92
5553	113
5554	83
5555	95
5556	77
5557	95
5558	87
5559	84
5560	134
5561	98
5562	82
5563	57
5564	98
5565	90
5566	96
5567	98
5568	83
5569	95
5570	108
5571	129
5572	122
5573	175
5574	115
5575	131
5576	81
5577	107
5578	89
5579	87
5580	114
5581	88
5582	137
5583	62
5584	67
5585	89
5586	99
5587	107
5588	98
5589	61
5590	92
5591	106
5592	93
5593	66
5594	105
5595	131
5596	106
5597	92
5598	71
5599	80
5600	120
5601	100
5602	98
5603	121
5604	90
5605	104
5606	101
5607	56
5608	120
5609	96
5610	59
5611	92
5612	100
5613	96
5614	80
5615	106
5616	106
5617	106
5618	122
5619	101
5620	102
5621	120
5622	91
5623	84
5624	76
5625	137
5626	101
5627	131
5628	111
5629	110
5630	131
5631	86
5632	134
5633	90
5634	107
5635	110
5636	92
5637	119
5638	52
5639	83
5640	95
5641	108
5642	107
5643	118
5644	110
5645	95
5646	72
5647	102
5648	127
5649	87
5650	118
5651	92
5652	115
5653	116
5654	110
5655	88
5656	105
5657	116
5658	125
5659	121
5660	105
5661	110
5662	97
5663	52
5664	94
5665	86
5666	134
5667	79
5668	138
5669	135
5670	97
5671	110
5672	102
5673	110
5674	99
5675	112
5676	107
5677	111
5678	93
5679	108
5680	118
5681	100
5682	99
5683	157
5684	107
5685	129
5686	88
5687	120
5688	88
5689	51
5690	76
5691	85
5692	113
5693	89
5694	105
5695	73
5696	108
5697	101
5698	115
5699	104
5700	108
5701	102
5702	134
5703	96
5704	78
5705	100
5706	107
5707	93
5708	94
5709	80
5710	99
5711	106
5712	108
5713	95
5714	103
5715	99
5716	123
5717	83
5718	133
5719	117
5720	102
5721	91
5722	108
5723	58
5724	63
5725	86
5726	122
5727	35
5728	118
5729	54
5730	91
5731	100
5732	113
5733	110
5734	78
5735	159
5736	100
5737	132
5738	88
5739	104
5740	88
5741	104
5742	34
5743	107
5744	98
5745	103
5746	100
5747	118
5748	122
5749	99
5750	111
5751	84
5752	115
5753	102
5754	120
5755	106
5756	87
5757	106
5758	116
5759	76
5760	127
5761	86
5762	96
5763	123
5764	95
5765	99
5766	80
5767	88
5768	96
5769	101
5770	88
5771	71
5772	108
5773	123
5774	108
5775	86
5776	92
5777	129
5778	135
5779	92
5780	66
5781	71
5782	97
5783	104
5784	64
5785	107
5786	106
5787	125
5788	89
5789	100
5790	101
5791	89
5792	122
5793	63
5794	52
5795	96
5796	105
5797	92
5798	84
5799	101
5800	113
5801	84
5802	102
5803	79
5804	126
5805	92
5806	75
5807	72
5808	104
5809	81
5810	83
5811	98
5812	108
5813	110
5814	109
5815	101
5816	74
5817	101
5818	102
5819	101
5820	129
5821	97
5822	122
5823	83
5824	69
5825	69
5826	108
5827	93
5828	92
5829	99
5830	102
5831	104
5832	107
5833	68
5834	101
5835	112
5836	103
5837	93
5838	98
5839	91
5840	81
5841	79
5842	96
5843	130
5844	107
5845	85
5846	70
5847	97
5848	217
5849	108
5850	91
5851	88
5852	87
5853	119
5854	103
5855	116
5856	106
5857	108
5858	112
5859	110
5860	95
5861	151
5862	88
5863	107
5864	58
5865	139
5866	90
5867	123
5868	92
5869	92
5870	94
5871	81
5872	98
5873	127
5874	100
5875	75
5876	109
5877	104
5878	55
5879	123
5880	99
5881	97
5882	130
5883	102
5884	89
5885	93
5886	108
5887	86
5888	130
5889	101
5890	103
5891	89
5892	96
5893	86
5894	125
5895	90
5896	91
5897	99
5898	102
5899	77
5900	123
5901	104
5902	92
5903	100
5904	85
5905	90
5906	71
5907	111
5908	94
5909	116
5910	107
5911	83
5912	86
5913	137
5914	123
5915	99
5916	69
5917	101
5918	106
5919	100
5920	83
5921	95
5922	107
5923	98
5924	94
5925	82
5926	88
5927	77
5928	93
5929	110
5930	82
5931	93
5932	115
5933	106
5934	79
5935	109
5936	78
5937	102
5938	85
5939	115
5940	116
5941	91
5942	82
5943	80
5944	92
5945	90
5946	105
5947	99
5948	112
5949	131
5950	90
5951	102
5952	83
5953	96
5954	85
5955	92
5956	85
5957	94
5958	105
5959	96
5960	110
5961	94
5962	59
5963	70
5964	87
5965	76
5966	90
5967	116
5968	89
5969	133
5970	100
5971	109
5972	70
5973	108
5974	108
5975	89
5976	135
5977	82
5978	93
5979	99
5980	71
5981	130
5982	133
5983	122
5984	112
5985	120
5986	94
5987	94
5988	100
5989	89
5990	119
5991	82
5992	84
5993	102
5994	120
5995	104
5996	148
5997	70
5998	118
5999	88
6000	100
6001	108
6002	72
6003	94
6004	84
6005	84
6006	120
6007	100
6008	76
6009	108
6010	92
6011	81
6012	92
6013	88
6014	103
6015	132
6016	115
6017	95
6018	93
6019	117
6020	84
6021	83
6022	103
6023	138
6024	104
6025	112
6026	71
6027	84
6028	69
6029	93
6030	94
6031	104
6032	112
6033	86
6034	110
6035	99
6036	107
6037	87
6038	118
6039	135
6040	102
6041	22
6042	96
6043	136
6044	72
6045	37
6046	117
6047	76
6048	75
6049	105
6050	114
6051	126
6052	105
6053	90
6054	85
6055	91
6056	51
6057	82
6058	126
6059	88
6060	86
6061	69
6062	99
6063	95
6064	149
6065	98
6066	96
6067	101
6068	97
6069	97
6070	81
6071	39
6072	114
6073	111
6074	115
6075	94
6076	102
6077	123
6078	75
6079	94
6080	98
6081	100
6082	98
6083	116
6084	102
6085	99
6086	111
6087	108
6088	89
6089	81
6090	89
6091	93
6092	60
6093	107
6094	102
6095	91
6096	82
6097	91
6098	92
6099	89
6100	105
6101	94
6102	76
6103	88
6104	110
6105	97
6106	104
6107	105
6108	100
6109	114
6110	96
6111	102
6112	104
6113	85
6114	95
6115	98
6116	132
6117	80
6118	153
6119	71
6120	114
6121	70
6122	74
6123	88
6124	110
6125	77
6126	105
6127	94
6128	117
6129	88
6130	79
6131	92
6132	54
6133	95
6134	96
6135	84
6136	107
6137	112
6138	69
6139	104
6140	80
6141	95
6142	145
6143	120
6144	94
6145	93
6146	91
6147	80
6148	100
6149	93
6150	104
6151	104
6152	95
6153	93
6154	69
6155	105
6156	102
6157	130
6158	91
6159	119
6160	94
6161	95
6162	104
6163	99
6164	104
6165	66
6166	98
6167	103
6168	104
6169	98
6170	84
6171	77
6172	95
6173	89
6174	88
6175	84
6176	81
6177	109
6178	116
6179	83
6180	109
6181	73
6182	85
6183	111
6184	93
6185	108
6186	90
6187	135
6188	121
6189	96
6190	125
6191	83
6192	89
6193	96
6194	113
6195	100
6196	163
6197	125
6198	95
6199	105
6200	112
6201	56
6202	85
6203	104
6204	103
6205	74
6206	107
6207	95
6208	140
6209	96
6210	80
6211	129
6212	119
6213	124
6214	97
6215	117
6216	97
6217	120
6218	100
6219	108
6220	94
6221	137
6222	125
6223	79
6224	76
6225	106
6226	72
6227	98
6228	93
6229	69
6230	102
6231	95
6232	106
6233	78
6234	125
6235	105
6236	107
6237	108
6238	100
6239	86
6240	67
6241	104
6242	96
6243	91
6244	85
6245	97
6246	90
6247	102
6248	78
6249	88
6250	78
6251	93
6252	100
6253	117
6254	107
6255	98
6256	90
6257	113
6258	112
6259	103
6260	53
6261	97
6262	117
6263	99
6264	62
6265	129
6266	119
6267	102
6268	117
6269	128
6270	86
6271	105
6272	108
6273	92
6274	90
6275	83
6276	132
6277	146
6278	124
6279	98
6280	83
6281	116
6282	104
6283	101
6284	84
6285	92
6286	67
6287	102
6288	95
6289	126
6290	71
6291	95
6292	104
6293	121
6294	109
6295	126
6296	105
6297	74
6298	98
6299	93
6300	75
6301	86
6302	62
6303	125
6304	109
6305	135
6306	99
6307	79
6308	133
6309	100
6310	95
6311	106
6312	115
6313	86
6314	63
6315	142
6316	88
6317	90
6318	107
6319	97
6320	123
6321	92
6322	113
6323	69
6324	89
6325	70
6326	97
6327	127
6328	96
6329	119
6330	118
6331	98
6332	87
6333	84
6334	93
6335	85
6336	91
6337	87
6338	114
6339	97
6340	80
6341	112
6342	101
6343	88
6344	105
6345	89
6346	92
6347	98
6348	70
6349	99
6350	78
6351	86
6352	97
6353	100
6354	104
6355	99
6356	113
6357	75
6358	93
6359	83
6360	133
6361	107
6362	93
6363	89
6364	66
6365	62
6366	71
6367	97
6368	99
6369	74
6370	98
6371	75
6372	83
6373	109
6374	84
6375	76
6376	144
6377	99
6378	77
6379	85
6380	106
6381	83
6382	46
6383	113
6384	84
6385	85
6386	71
6387	89
6388	79
6389	90
6390	62
6391	99
6392	100
6393	87
6394	108
6395	102
6396	80
6397	98
6398	107
6399	98
6400	98
6401	88
6402	89
6403	98
6404	92
6405	89
6406	123
6407	87
6408	115
6409	87
6410	76
6411	89
6412	124
6413	119
6414	104
6415	84
6416	97
6417	75
6418	83
6419	86
6420	103
6421	90
6422	114
6423	134
6424	103
6425	64
6426	147
6427	83
6428	89
6429	102
6430	99
6431	69
6432	110
6433	126
6434	85
6435	72
6436	119
6437	105
6438	99
6439	132
6440	86
6441	120
6442	85
6443	97
6444	102
6445	96
6446	101
6447	80
6448	104
6449	76
6450	98
6451	84
6452	89
6453	118
6454	99
6455	100
6456	81
6457	107
6458	71
6459	119
6460	96
6461	87
6462	105
6463	121
6464	98
6465	110
6466	92
6467	105
6468	113
6469	101
6470	93
6471	124
6472	70
6473	93
6474	100
6475	95
6476	100
6477	113
6478	76
6479	92
6480	98
6481	120
6482	122
6483	101
6484	95
6485	116
6486	79
6487	107
6488	85
6489	103
6490	109
6491	100
6492	94
6493	98
6494	98
6495	105
6496	88
6497	77
6498	43
6499	45
6500	17
6501	84
6502	79
6503	85
6504	120
6505	128
6506	108
6507	82
6508	103
6509	111
6510	129
6511	99
6512	76
6513	147
6514	103
6515	108
6516	48
6517	106
6518	129
6519	97
6520	91
6521	122
6522	98
6523	93
6524	92
6525	92
6526	100
6527	100
6528	102
6529	101
6530	128
6531	79
6532	97
6533	60
6534	70
6535	91
6536	68
6537	87
6538	89
6539	112
6540	87
6541	87
6542	97
6543	88
6544	111
6545	86
6546	73
6547	76
6548	67
6549	93
6550	111
6551	112
6552	114
6553	101
6554	128
6555	95
6556	125
6557	107
6558	108
6559	87
6560	76
6561	75
6562	109
6563	103
6564	58
6565	96
6566	97
6567	102
6568	94
6569	93
6570	43
6571	107
6572	102
6573	131
6574	83
6575	92
6576	105
6577	113
6578	105
6579	95
6580	93
6581	87
6582	64
6583	87
6584	124
6585	81
6586	116
6587	78
6588	79
6589	78
6590	105
6591	76
6592	102
6593	102
6594	108
6595	103
6596	120
6597	113
6598	95
6599	86
6600	79
6601	112
6602	86
6603	112
6604	103
6605	86
6606	96
6607	120
6608	89
6609	102
6610	94
6611	86
6612	93
6613	120
6614	83
6615	101
6616	109
6617	89
6618	84
6619	108
6620	116
6621	120
6622	93
6623	126
6624	111
6625	78
6626	67
6627	107
6628	96
6629	99
6630	30
6631	113
6632	121
6633	95
6634	111
6635	103
6636	91
6637	94
6638	121
6639	79
6640	96
6641	99
6642	119
6643	96
6644	79
6645	104
6646	101
6647	129
6648	137
6649	60
6650	130
6651	99
6652	112
6653	135
6654	67
6655	128
6656	85
6657	103
6658	139
6659	85
6660	90
6661	84
6662	83
6663	94
6664	85
6665	100
6666	94
6667	119
6668	72
6669	94
6670	126
6671	125
6672	95
6673	98
6674	75
6675	89
6676	110
6677	130
6678	86
6679	138
6680	84
6681	85
6682	80
6683	71
6684	107
6685	91
6686	93
6687	102
6688	116
6689	101
6690	72
6691	144
6692	81
6693	113
6694	79
6695	90
6696	94
6697	101
6698	82
6699	94
6700	113
6701	98
6702	100
6703	117
6704	109
6705	102
6706	103
6707	88
6708	95
6709	84
6710	89
6711	104
6712	119
6713	94
6714	101
6715	137
6716	109
6717	107
6718	101
6719	105
6720	99
6721	108
6722	96
6723	99
6724	108
6725	90
6726	99
6727	113
6728	126
6729	110
6730	73
6731	109
6732	99
6733	105
6734	98
6735	110
6736	115
6737	99
6738	123
6739	56
6740	94
6741	84
6742	89
6743	124
6744	92
6745	86
6746	61
6747	123
6748	93
6749	101
6750	102
6751	93
6752	90
6753	94
6754	124
6755	96
6756	57
6757	87
6758	96
6759	88
6760	102
6761	82
6762	112
6763	116
6764	116
6765	86
6766	112
6767	87
6768	104
6769	119
6770	93
6771	84
6772	96
6773	93
6774	114
6775	92
6776	111
6777	72
6778	91
6779	130
6780	117
6781	96
6782	93
6783	76
6784	73
6785	61
6786	117
6787	84
6788	70
6789	98
6790	109
6791	83
6792	90
6793	96
6794	130
6795	118
6796	90
6797	120
6798	69
6799	115
6800	55
6801	98
6802	68
6803	85
6804	80
6805	89
6806	109
6807	103
6808	98
6809	115
6810	122
6811	102
6812	117
6813	90
6814	87
6815	55
6816	106
6817	112
6818	94
6819	78
6820	92
6821	101
6822	113
6823	110
6824	119
6825	61
6826	83
6827	87
6828	108
6829	104
6830	118
6831	104
6832	70
6833	95
6834	88
6835	104
6836	66
6837	104
6838	73
6839	80
6840	112
6841	100
6842	95
6843	74
6844	114
6845	100
6846	71
6847	107
6848	122
6849	109
6850	96
6851	106
6852	155
6853	96
6854	93
6855	106
6856	97
6857	79
6858	101
6859	100
6860	76
6861	105
6862	97
6863	106
6864	97
6865	58
6866	89
6867	114
6868	96
6869	41
6870	86
6871	105
6872	89
6873	102
6874	91
6875	111
6876	107
6877	67
6878	113
6879	62
6880	112
6881	122
6882	98
6883	87
6884	112
6885	103
6886	70
6887	131
6888	86
6889	111
6890	88
6891	73
6892	88
6893	96
6894	109
6895	117
6896	92
6897	91
6898	70
6899	86
6900	96
6901	71
6902	77
6903	103
6904	81
6905	47
6906	79
6907	87
6908	105
6909	98
6910	125
6911	150
6912	101
6913	117
6914	68
6915	83
6916	130
6917	128
6918	99
6919	105
6920	85
6921	96
6922	78
6923	74
6924	150
6925	75
6926	132
6927	114
6928	116
6929	78
6930	129
6931	111
6932	76
6933	90
6934	102
6935	121
6936	115
6937	123
6938	114
6939	148
6940	100
6941	111
6942	65
6943	138
6944	77
6945	91
6946	127
6947	67
6948	90
6949	56
6950	73
6951	88
6952	96
6953	175
6954	102
6955	83
6956	108
6957	101
6958	100
6959	85
6960	91
6961	115
6962	102
6963	142
6964	75
6965	96
6966	110
6967	116
6968	85
6969	99
6970	88
6971	92
6972	120
6973	102
6974	125
6975	92
6976	91
6977	93
6978	101
6979	94
6980	79
6981	128
6982	120
6983	84
6984	93
6985	104
6986	104
6987	148
6988	109
6989	148
6990	100
6991	128
6992	111
6993	111
6994	100
6995	83
6996	99
6997	143
6998	96
6999	103
7000	90
7001	90
7002	95
7003	88
7004	116
7005	102
7006	115
7007	114
7008	79
7009	108
7010	104
7011	105
7012	77
7013	98
7014	96
7015	108
7016	73
7017	71
7018	131
7019	87
7020	69
7021	88
7022	128
7023	117
7024	88
7025	110
7026	105
7027	100
7028	88
7029	116
7030	103
7031	93
7032	76
7033	95
7034	129
7035	82
7036	114
7037	93
7038	107
7039	113
7040	117
7041	70
7042	93
7043	103
7044	92
7045	112
7046	115
7047	97
7048	87
7049	86
7050	92
7051	96
7052	108
7053	141
7054	98
7055	117
7056	97
7057	90
7058	70
7059	106
7060	97
7061	54
7062	92
7063	96
7064	61
7065	132
7066	100
7067	71
7068	123
7069	99
7070	91
7071	95
7072	87
7073	86
7074	102
7075	89
7076	94
7077	99
7078	113
7079	123
7080	88
7081	126
7082	87
7083	99
7084	113
7085	117
7086	91
7087	109
7088	87
7089	92
7090	101
7091	93
7092	80
7093	101
7094	4
7095	100
7096	75
7097	98
7098	107
7099	60
7100	40
7101	125
7102	84
7103	72
7104	83
7105	86
7106	93
7107	123
7108	85
7109	116
7110	124
7111	104
7112	82
7113	78
7114	97
7115	85
7116	99
7117	102
7118	55
7119	95
7120	82
7121	111
7122	97
7123	112
7124	99
7125	96
7126	81
7127	94
7128	97
7129	96
7130	110
7131	97
7132	104
7133	107
7134	85
7135	92
7136	114
7137	112
7138	77
7139	102
7140	113
7141	108
7142	110
7143	80
7144	100
7145	93
7146	99
7147	91
7148	111
7149	108
7150	115
7151	94
7152	105
7153	90
7154	86
7155	108
7156	63
7157	103
7158	88
7159	95
7160	98
7161	104
7162	120
7163	70
7164	98
7165	96
7166	112
7167	91
7168	105
7169	48
7170	77
7171	116
7172	103
7173	86
7174	93
7175	137
7176	91
7177	71
7178	96
7179	120
7180	118
7181	99
7182	111
7183	87
7184	122
7185	99
7186	94
7187	114
7188	94
7189	71
7190	76
7191	107
7192	89
7193	120
7194	63
7195	74
7196	85
7197	119
7198	107
7199	94
7200	92
7201	105
7202	116
7203	108
7204	74
7205	48
7206	98
7207	100
7208	96
7209	78
7210	115
7211	84
7212	80
7213	100
7214	144
7215	101
7216	27
7217	76
7218	109
7219	69
7220	112
7221	78
7222	44
7223	83
7224	112
7225	110
7226	107
7227	79
7228	92
7229	94
7230	121
7231	86
7232	94
7233	133
7234	101
7235	105
7236	59
7237	74
7238	86
7239	86
7240	96
7241	116
7242	106
7243	125
7244	53
7245	100
7246	89
7247	65
7248	73
7249	111
7250	92
7251	82
7252	75
7253	100
7254	115
7255	93
7256	60
7257	66
7258	80
7259	98
7260	98
7261	80
7262	64
7263	103
7264	106
7265	106
7266	96
7267	92
7268	103
7269	92
7270	99
7271	111
7272	77
7273	87
7274	97
7275	80
7276	78
7277	110
7278	95
7279	129
7280	75
7281	110
7282	118
7283	93
7284	126
7285	91
7286	83
7287	83
7288	121
7289	59
7290	95
7291	99
7292	65
7293	101
7294	125
7295	115
7296	101
7297	96
7298	103
7299	107
7300	69
7301	50
7302	109
7303	79
7304	90
7305	143
7306	122
7307	103
7308	77
7309	78
7310	95
7311	92
7312	90
7313	91
7314	71
7315	81
7316	86
7317	97
7318	138
7319	106
7320	81
7321	78
7322	117
7323	96
7324	112
7325	98
7326	84
7327	104
7328	105
7329	80
7330	114
7331	128
7332	94
7333	131
7334	62
7335	52
7336	103
7337	93
7338	83
7339	101
7340	91
7341	116
7342	98
7343	80
7344	100
7345	98
7346	95
7347	65
7348	80
7349	102
7350	99
7351	96
7352	90
7353	99
7354	104
7355	98
7356	79
7357	117
7358	82
7359	72
7360	91
7361	104
7362	79
7363	72
7364	119
7365	112
7366	89
7367	78
7368	70
7369	96
7370	36
7371	138
7372	94
7373	85
7374	85
7375	91
7376	91
7377	109
7378	76
7379	136
7380	121
7381	89
7382	131
7383	122
7384	97
7385	67
7386	91
7387	98
7388	110
7389	102
7390	95
7391	122
7392	96
7393	74
7394	85
7395	99
7396	105
7397	112
7398	119
7399	105
7400	100
7401	103
7402	120
7403	120
7404	90
7405	102
7406	89
7407	102
7408	119
7409	78
7410	98
7411	97
7412	74
7413	86
7414	83
7415	105
7416	72
7417	90
7418	109
7419	122
7420	79
7421	93
7422	82
7423	60
7424	97
7425	90
7426	104
7427	119
7428	81
7429	103
7430	84
7431	113
7432	124
7433	86
7434	71
7435	102
7436	114
7437	122
7438	96
7439	99
7440	104
7441	110
7442	88
7443	80
7444	124
7445	147
7446	89
7447	98
7448	95
7449	127
7450	81
7451	94
7452	104
7453	99
7454	96
7455	108
7456	96
7457	84
7458	76
7459	95
7460	97
7461	103
7462	88
7463	113
7464	115
7465	89
7466	71
7467	91
7468	94
7469	72
7470	74
7471	103
7472	72
7473	117
7474	114
7475	67
7476	95
7477	94
7478	124
7479	82
7480	68
7481	94
7482	129
7483	131
7484	84
7485	89
7486	98
7487	136
7488	124
7489	97
7490	91
7491	117
7492	105
7493	70
7494	109
7495	98
7496	105
7497	95
7498	111
7499	111
7500	98
7501	87
7502	95
7503	102
7504	98
7505	90
7506	68
7507	129
7508	99
7509	97
7510	112
7511	84
7512	92
7513	66
7514	97
7515	115
7516	89
7517	105
7518	110
7519	72
7520	111
7521	96
7522	63
7523	107
7524	75
7525	63
7526	88
7527	102
7528	100
7529	84
7530	86
7531	79
7532	110
7533	108
7534	116
7535	73
7536	111
7537	83
7538	95
7539	117
7540	122
7541	84
7542	82
7543	128
7544	81
7545	93
7546	84
7547	111
7548	84
7549	101
7550	79
7551	30
7552	96
7553	78
7554	87
7555	101
7556	111
7557	108
7558	99
7559	140
7560	55
7561	61
7562	45
7563	71
7564	118
7565	84
7566	94
7567	102
7568	82
7569	98
7570	93
7571	114
7572	94
7573	90
7574	106
7575	83
7576	71
7577	102
7578	79
7579	100
7580	85
7581	98
7582	43
7583	110
7584	137
7585	83
7586	95
7587	123
7588	92
7589	108
7590	106
7591	97
7592	85
7593	126
7594	85
7595	96
7596	73
7597	108
7598	105
7599	83
7600	67
7601	83
7602	114
7603	90
7604	102
7605	85
7606	72
7607	81
7608	102
7609	117
7610	93
7611	102
7612	96
7613	122
7614	101
7615	130
7616	90
7617	64
7618	134
7619	103
7620	102
7621	107
7622	135
7623	107
7624	92
7625	89
7626	110
7627	96
7628	113
7629	101
7630	118
7631	55
7632	106
7633	107
7634	124
7635	54
7636	113
7637	130
7638	96
7639	127
7640	105
7641	101
7642	104
7643	84
7644	59
7645	109
7646	126
7647	102
7648	100
7649	117
7650	85
7651	110
7652	116
7653	69
7654	152
7655	130
7656	95
7657	85
7658	106
7659	98
7660	93
7661	116
7662	128
7663	88
7664	112
7665	64
7666	120
7667	108
7668	90
7669	99
7670	82
7671	118
7672	83
7673	108
7674	95
7675	76
7676	107
7677	93
7678	55
7679	82
7680	87
7681	108
7682	129
7683	91
7684	93
7685	124
7686	73
7687	86
7688	87
7689	121
7690	104
7691	137
7692	90
7693	174
7694	108
7695	101
7696	100
7697	79
7698	71
7699	96
7700	111
7701	74
7702	97
7703	97
7704	98
7705	109
7706	98
7707	82
7708	109
7709	120
7710	102
7711	74
7712	82
7713	86
7714	88
7715	111
7716	91
7717	103
7718	118
7719	90
7720	113
7721	87
7722	100
7723	149
7724	100
7725	101
7726	86
7727	97
7728	100
7729	98
7730	110
7731	72
7732	106
7733	79
7734	65
7735	104
7736	111
7737	127
7738	97
7739	93
7740	103
7741	132
7742	91
7743	94
7744	104
7745	132
7746	121
7747	59
7748	92
7749	122
7750	66
7751	98
7752	103
7753	100
7754	98
7755	48
7756	136
7757	120
7758	95
7759	91
7760	102
7761	116
7762	75
7763	116
7764	93
7765	125
7766	102
7767	88
7768	94
7769	110
7770	104
7771	120
7772	109
7773	126
7774	98
7775	99
7776	85
7777	101
7778	86
7779	103
7780	91
7781	114
7782	48
7783	71
7784	66
7785	106
7786	120
7787	115
7788	110
7789	65
7790	118
7791	104
7792	62
7793	81
7794	122
7795	120
7796	99
7797	95
7798	105
7799	109
7800	117
7801	84
7802	96
7803	104
7804	89
7805	96
7806	112
7807	103
7808	129
7809	136
7810	53
7811	123
7812	117
7813	129
7814	98
7815	90
7816	80
7817	91
7818	85
7819	106
7820	88
7821	87
7822	96
7823	114
7824	86
7825	116
7826	72
7827	103
7828	97
7829	102
7830	103
7831	81
7832	97
7833	114
7834	134
7835	112
7836	80
7837	79
7838	88
7839	86
7840	117
7841	117
7842	106
7843	84
7844	114
7845	72
7846	67
7847	137
7848	94
7849	75
7850	66
7851	140
7852	86
7853	67
7854	103
7855	116
7856	72
7857	106
7858	110
7859	98
7860	105
7861	98
7862	104
7863	82
7864	57
7865	104
7866	111
7867	100
7868	94
7869	64
7870	120
7871	85
7872	121
7873	145
7874	85
7875	109
7876	89
7877	100
7878	77
7879	103
7880	84
7881	84
7882	79
7883	111
7884	96
7885	95
7886	121
7887	99
7888	103
7889	104
7890	81
7891	57
7892	113
7893	109
7894	88
7895	129
7896	87
7897	97
7898	122
7899	96
7900	91
7901	116
7902	103
7903	69
7904	133
7905	104
7906	87
7907	65
7908	114
7909	109
7910	83
7911	96
7912	108
7913	108
7914	109
7915	99
7916	76
7917	67
7918	98
7919	125
7920	103
7921	82
7922	110
7923	100
7924	103
7925	109
7926	115
7927	102
7928	79
7929	128
7930	88
7931	110
7932	114
7933	74
7934	110
7935	107
7936	74
7937	98
7938	113
7939	104
7940	89
7941	106
7942	97
7943	84
7944	109
7945	109
7946	106
7947	108
7948	116
7949	118
7950	93
7951	109
7952	91
7953	77
7954	106
7955	144
7956	89
7957	80
7958	104
7959	99
7960	28
7961	106
7962	109
7963	100
7964	93
7965	116
7966	93
7967	89
7968	88
7969	96
7970	94
7971	102
7972	110
7973	94
7974	90
7975	103
7976	66
7977	95
7978	90
7979	105
7980	99
7981	99
7982	108
7983	112
7984	90
7985	114
7986	117
7987	84
7988	93
7989	86
7990	112
7991	94
7992	106
7993	83
7994	83
7995	99
7996	98
7997	78
7998	94
7999	100
8000	76
8001	87
8002	71
8003	96
8004	102
8005	94
8006	92
8007	95
8008	117
8009	67
8010	112
8011	85
8012	101
8013	134
8014	113
8015	128
8016	83
8017	12
8018	79
8019	82
8020	113
8021	112
8022	117
8023	53
8024	76
8025	109
8026	95
8027	139
8028	121
8029	148
8030	93
8031	101
8032	99
8033	110
8034	66
8035	115
8036	112
8037	86
8038	94
8039	85
8040	120
8041	99
8042	105
8043	123
8044	117
8045	94
8046	91
8047	90
8048	99
8049	101
8050	98
8051	86
8052	117
8053	109
8054	109
8055	79
8056	124
8057	101
8058	99
8059	85
8060	123
8061	104
8062	103
8063	39
8064	121
8065	94
8066	105
8067	110
8068	119
8069	101
8070	93
8071	149
8072	94
8073	106
8074	93
8075	117
8076	101
8077	66
8078	97
8079	106
8080	95
8081	107
8082	97
8083	86
8084	70
8085	114
8086	110
8087	101
8088	103
8089	84
8090	107
8091	106
8092	87
8093	44
8094	87
8095	86
8096	100
8097	57
8098	96
8099	85
8100	79
8101	106
8102	124
8103	92
8104	73
8105	88
8106	112
8107	112
8108	114
8109	128
8110	106
8111	137
8112	101
8113	94
8114	87
8115	65
8116	81
8117	86
8118	108
8119	85
8120	72
8121	89
8122	114
8123	95
8124	118
8125	98
8126	135
8127	113
8128	91
8129	107
8130	86
8131	63
8132	94
8133	96
8134	78
8135	106
8136	100
8137	120
8138	103
8139	114
8140	84
8141	91
8142	84
8143	100
8144	87
8145	84
8146	109
8147	78
8148	62
8149	98
8150	92
8151	64
8152	77
8153	119
8154	104
8155	84
8156	91
8157	99
8158	89
8159	134
8160	88
8161	57
8162	108
8163	85
8164	104
8165	86
8166	133
8167	91
8168	85
8169	115
8170	75
8171	84
8172	102
8173	102
8174	74
8175	91
8176	116
8177	76
8178	116
8179	89
8180	89
8181	88
8182	118
8183	88
8184	84
8185	74
8186	109
8187	54
8188	100
8189	94
8190	109
8191	65
8192	95
8193	111
8194	108
8195	82
8196	116
8197	82
8198	110
8199	79
8200	98
8201	112
8202	115
8203	86
8204	93
8205	103
8206	78
8207	90
8208	72
8209	109
8210	103
8211	91
8212	100
8213	86
8214	64
8215	130
8216	125
8217	68
8218	88
8219	74
8220	136
8221	80
8222	124
8223	121
8224	88
8225	100
8226	73
8227	86
8228	110
8229	86
8230	89
8231	127
8232	88
8233	87
8234	104
8235	115
8236	99
8237	104
8238	88
8239	100
8240	104
8241	110
8242	133
8243	91
8244	107
8245	84
8246	82
8247	89
8248	63
8249	117
8250	99
8251	82
8252	115
8253	78
8254	119
8255	106
8256	135
8257	105
8258	139
8259	96
8260	90
8261	103
8262	110
8263	108
8264	108
8265	116
8266	88
8267	95
8268	124
8269	85
8270	85
8271	92
8272	107
8273	139
8274	97
8275	106
8276	127
8277	85
8278	62
8279	91
8280	109
8281	113
8282	88
8283	113
8284	87
8285	99
8286	90
8287	123
8288	81
8289	68
8290	90
8291	75
8292	98
8293	110
8294	60
8295	101
8296	103
8297	90
8298	95
8299	91
8300	85
8301	69
8302	41
8303	92
8304	107
8305	118
8306	80
8307	107
8308	126
8309	73
8310	104
8311	110
8312	76
8313	90
8314	101
8315	103
8316	116
8317	97
8318	81
8319	95
8320	100
8321	69
8322	87
8323	110
8324	80
8325	88
8326	86
8327	98
8328	106
8329	110
8330	96
8331	102
8332	85
8333	104
8334	107
8335	85
8336	116
8337	70
8338	88
8339	81
8340	89
8341	103
8342	99
8343	102
8344	111
8345	109
8346	106
8347	111
8348	85
8349	83
8350	101
8351	106
8352	68
8353	96
8354	97
8355	83
8356	146
8357	140
8358	80
8359	110
8360	88
8361	107
8362	100
8363	98
8364	105
8365	104
8366	98
8367	91
8368	106
8369	134
8370	70
8371	66
8372	121
8373	110
8374	126
8375	86
8376	101
8377	101
8378	103
8379	106
8380	151
8381	105
8382	118
8383	121
8384	78
8385	114
8386	94
8387	107
8388	100
8389	121
8390	103
8391	104
8392	112
8393	126
8394	118
8395	74
8396	89
8397	78
8398	89
8399	101
8400	96
8401	100
8402	87
8403	104
8404	116
8405	107
8406	83
8407	96
8408	103
8409	95
8410	95
8411	108
8412	86
8413	69
8414	98
8415	98
8416	98
8417	106
8418	104
8419	107
8420	91
8421	83
8422	53
8423	92
8424	91
8425	79
8426	97
8427	98
8428	129
8429	98
8430	108
8431	94
8432	87
8433	93
8434	112
8435	66
8436	82
8437	51
8438	151
8439	68
8440	93
8441	103
8442	94
8443	104
8444	93
8445	100
8446	110
8447	112
8448	112
8449	110
8450	114
8451	77
8452	90
8453	93
8454	107
8455	124
8456	92
8457	90
8458	94
8459	82
8460	110
8461	103
8462	93
8463	93
8464	77
8465	69
8466	87
8467	101
8468	127
8469	99
8470	97
8471	73
8472	85
8473	84
8474	112
8475	88
8476	98
8477	109
8478	94
8479	104
8480	113
8481	114
8482	128
8483	129
8484	97
8485	102
8486	34
8487	77
8488	94
8489	120
8490	78
8491	94
8492	84
8493	106
8494	76
8495	92
8496	106
8497	91
8498	86
8499	50
8500	64
8501	78
8502	72
8503	89
8504	56
8505	115
8506	96
8507	99
8508	68
8509	130
8510	80
8511	91
8512	109
8513	89
8514	81
8515	98
8516	104
8517	97
8518	96
8519	93
8520	96
8521	100
8522	95
8523	97
8524	97
8525	116
8526	94
8527	78
8528	133
8529	45
8530	79
8531	99
8532	72
8533	81
8534	102
8535	99
8536	82
8537	82
8538	136
8539	112
8540	131
8541	102
8542	106
8543	97
8544	109
8545	77
8546	111
8547	81
8548	57
8549	110
8550	83
8551	76
8552	110
8553	125
8554	138
8555	90
8556	73
8557	91
8558	122
8559	83
8560	91
8561	61
8562	84
8563	101
8564	81
8565	98
8566	92
8567	93
8568	84
8569	88
8570	115
8571	85
8572	112
8573	98
8574	96
8575	106
8576	96
8577	92
8578	94
8579	103
8580	108
8581	100
8582	103
8583	81
8584	85
8585	134
8586	90
8587	137
8588	145
8589	81
8590	90
8591	106
8592	70
8593	105
8594	107
8595	85
8596	100
8597	83
8598	98
8599	106
8600	81
8601	122
8602	69
8603	136
8604	96
8605	109
8606	96
8607	80
8608	98
8609	111
8610	69
8611	104
8612	89
8613	84
8614	90
8615	101
8616	97
8617	82
8618	71
8619	97
8620	82
8621	95
8622	106
8623	137
8624	102
8625	110
8626	104
8627	96
8628	96
8629	124
8630	66
8631	132
8632	117
8633	124
8634	108
8635	97
8636	116
8637	117
8638	90
8639	68
8640	96
8641	118
8642	131
8643	118
8644	112
8645	84
8646	79
8647	119
8648	96
8649	33
8650	114
8651	102
8652	111
8653	93
8654	99
8655	108
8656	92
8657	106
8658	134
8659	120
8660	115
8661	104
8662	131
8663	88
8664	122
8665	81
8666	99
8667	105
8668	95
8669	92
8670	113
8671	97
8672	86
8673	89
8674	72
8675	97
8676	77
8677	118
8678	133
8679	70
8680	91
8681	96
8682	92
8683	134
8684	89
8685	104
8686	75
8687	118
8688	70
8689	147
8690	111
8691	88
8692	119
8693	62
8694	100
8695	98
8696	98
8697	132
8698	108
8699	107
8700	92
8701	105
8702	89
8703	87
8704	88
8705	111
8706	103
8707	112
8708	83
8709	114
8710	84
8711	156
8712	90
8713	80
8714	106
8715	103
8716	79
8717	93
8718	98
8719	108
8720	127
8721	114
8722	108
8723	83
8724	99
8725	62
8726	93
8727	78
8728	106
8729	111
8730	96
8731	106
8732	107
8733	89
8734	86
8735	71
8736	92
8737	103
8738	129
8739	101
8740	106
8741	94
8742	103
8743	86
8744	92
8745	85
8746	73
8747	114
8748	87
8749	88
8750	97
8751	103
8752	67
8753	124
8754	107
8755	93
8756	107
8757	101
8758	118
8759	61
8760	118
8761	122
8762	111
8763	102
8764	107
8765	90
8766	50
8767	88
8768	150
8769	117
8770	88
8771	103
8772	133
8773	100
8774	91
8775	91
8776	82
8777	100
8778	86
8779	82
8780	82
8781	118
8782	120
8783	103
8784	110
8785	115
8786	35
8787	96
8788	124
8789	114
8790	99
8791	132
8792	95
8793	94
8794	73
8795	112
8796	72
8797	82
8798	104
8799	99
8800	109
8801	96
8802	100
8803	103
8804	118
8805	87
8806	80
8807	81
8808	121
8809	80
8810	104
8811	103
8812	100
8813	106
8814	107
8815	104
8816	105
8817	89
8818	43
8819	102
8820	90
8821	95
8822	122
8823	89
8824	109
8825	108
8826	78
8827	91
8828	93
8829	103
8830	91
8831	131
8832	112
8833	103
8834	107
8835	66
8836	128
8837	95
8838	83
8839	109
8840	88
8841	115
8842	41
8843	89
8844	106
8845	73
8846	89
8847	99
8848	65
8849	118
8850	78
8851	108
8852	81
8853	109
8854	90
8855	102
8856	115
8857	126
8858	96
8859	103
8860	105
8861	68
8862	78
8863	142
8864	105
8865	102
8866	129
8867	115
8868	93
8869	87
8870	80
8871	88
8872	106
8873	106
8874	110
8875	122
8876	108
8877	113
8878	91
8879	78
8880	101
8881	60
8882	78
8883	114
8884	70
8885	106
8886	92
8887	112
8888	101
8889	77
8890	84
8891	119
8892	104
8893	66
8894	76
8895	92
8896	78
8897	112
8898	97
8899	67
8900	85
8901	42
8902	72
8903	87
8904	86
8905	123
8906	104
8907	109
8908	114
8909	65
8910	102
8911	108
8912	90
8913	126
8914	127
8915	71
8916	138
8917	91
8918	101
8919	103
8920	93
8921	109
8922	84
8923	84
8924	98
8925	63
8926	98
8927	127
8928	66
8929	81
8930	105
8931	70
8932	99
8933	114
8934	82
8935	94
8936	132
8937	81
8938	76
8939	111
8940	109
8941	93
8942	119
8943	136
8944	99
8945	103
8946	72
8947	97
8948	105
8949	98
8950	102
8951	88
8952	66
8953	112
8954	95
8955	128
8956	120
8957	90
8958	67
8959	81
8960	131
8961	110
8962	127
8963	71
8964	73
8965	72
8966	87
8967	88
8968	97
8969	136
8970	98
8971	97
8972	97
8973	63
8974	64
8975	91
8976	82
8977	131
8978	97
8979	89
8980	110
8981	97
8982	92
8983	92
8984	94
8985	118
8986	135
8987	86
8988	105
8989	131
8990	111
8991	103
8992	93
8993	95
8994	95
8995	135
8996	63
8997	77
8998	92
8999	109
9000	102
9001	93
9002	81
9003	111
9004	76
9005	107
9006	108
9007	100
9008	144
9009	82
9010	108
9011	118
9012	87
9013	96
9014	82
9015	94
9016	130
9017	106
9018	115
9019	104
9020	99
9021	104
9022	122
9023	82
9024	87
9025	104
9026	75
9027	94
9028	88
9029	81
9030	65
9031	103
9032	83
9033	98
9034	83
9035	95
9036	81
9037	63
9038	113
9039	109
9040	77
9041	122
9042	84
9043	106
9044	123
9045	119
9046	84
9047	117
9048	68
9049	93
9050	88
9051	84
9052	113
9053	76
9054	119
9055	81
9056	58
9057	147
9058	68
9059	109
9060	103
9061	101
9062	125
9063	93
9064	121
9065	79
9066	129
9067	93
9068	87
9069	131
9070	117
9071	104
9072	81
9073	104
9074	96
9075	96
9076	122
9077	102
9078	62
9079	64
9080	90
9081	79
9082	85
9083	106
9084	113
9085	120
9086	96
9087	61
9088	97
9089	95
9090	99
9091	98
9092	113
9093	94
9094	97
9095	48
9096	78
9097	83
9098	73
9099	91
9100	71
9101	93
9102	109
9103	106
9104	83
9105	93
9106	98
9107	89
9108	89
9109	93
9110	28
9111	94
9112	91
9113	94
9114	97
9115	99
9116	74
9117	95
9118	104
9119	98
9120	104
9121	101
9122	82
9123	54
9124	98
9125	97
9126	91
9127	137
9128	99
9129	70
9130	82
9131	96
9132	99
9133	102
9134	116
9135	96
9136	101
9137	112
9138	109
9139	123
9140	77
9141	105
9142	96
9143	53
9144	102
9145	82
9146	105
9147	109
9148	108
9149	113
9150	97
9151	87
9152	116
9153	115
9154	81
9155	163
9156	91
9157	112
9158	101
9159	90
9160	53
9161	100
9162	88
9163	122
9164	106
9165	99
9166	88
9167	108
9168	99
9169	88
9170	93
9171	88
9172	74
9173	95
9174	64
9175	117
9176	84
9177	89
9178	121
9179	52
9180	68
9181	121
9182	87
9183	86
9184	116
9185	86
9186	111
9187	119
9188	106
9189	109
9190	87
9191	121
9192	89
9193	100
9194	103
9195	89
9196	112
9197	59
9198	129
9199	115
9200	123
9201	100
9202	113
9203	44
9204	91
9205	100
9206	91
9207	85
9208	116
9209	116
9210	102
9211	76
9212	120
9213	67
9214	83
9215	99
9216	123
9217	110
9218	84
9219	119
9220	119
9221	88
9222	87
9223	111
9224	113
9225	86
9226	93
9227	71
9228	97
9229	113
9230	98
9231	114
9232	79
9233	69
9234	84
9235	141
9236	109
9237	118
9238	105
9239	96
9240	81
9241	101
9242	66
9243	127
9244	100
9245	114
9246	96
9247	153
9248	94
9249	111
9250	94
9251	68
9252	90
9253	105
9254	136
9255	93
9256	77
9257	81
9258	109
9259	111
9260	97
9261	102
9262	82
9263	95
9264	127
9265	115
9266	78
9267	54
9268	114
9269	102
9270	120
9271	106
9272	95
9273	96
9274	91
9275	98
9276	122
9277	100
9278	104
9279	105
9280	114
9281	114
9282	71
9283	90
9284	98
9285	76
9286	89
9287	127
9288	122
9289	108
9290	90
9291	117
9292	93
9293	109
9294	106
9295	98
9296	98
9297	135
9298	101
9299	106
9300	119
9301	112
9302	115
9303	83
9304	93
9305	93
9306	113
9307	115
9308	110
9309	134
9310	86
9311	98
9312	109
9313	115
9314	123
9315	107
9316	108
9317	115
9318	94
9319	93
9320	68
9321	95
9322	119
9323	121
9324	98
9325	130
9326	94
9327	118
9328	110
9329	119
9330	88
9331	103
9332	88
9333	110
9334	85
9335	96
9336	95
9337	93
9338	68
9339	94
9340	114
9341	59
9342	90
9343	87
9344	88
9345	111
9346	84
9347	100
9348	43
9349	91
9350	64
9351	99
9352	146
9353	95
9354	88
9355	73
9356	53
9357	71
9358	113
9359	99
9360	81
9361	101
9362	117
9363	103
9364	94
9365	116
9366	87
9367	89
9368	111
9369	110
9370	83
9371	94
9372	81
9373	107
9374	106
9375	89
9376	121
9377	94
9378	78
9379	109
9380	93
9381	115
9382	101
9383	67
9384	103
9385	100
9386	82
9387	81
9388	89
9389	103
9390	88
9391	71
9392	82
9393	80
9394	116
9395	120
9396	89
9397	105
9398	67
9399	117
9400	105
9401	101
9402	99
9403	89
9404	101
9405	68
9406	97
9407	105
9408	115
9409	82
9410	133
9411	107
9412	88
9413	115
9414	110
9415	124
9416	83
9417	100
9418	104
9419	61
9420	99
9421	81
9422	116
9423	80
9424	92
9425	77
9426	125
9427	91
9428	122
9429	100
9430	79
9431	92
9432	99
9433	104
9434	50
9435	125
9436	92
9437	108
9438	89
9439	87
9440	110
9441	59
9442	83
9443	104
9444	120
9445	108
9446	80
9447	114
9448	79
9449	108
9450	61
9451	83
9452	166
9453	93
9454	80
9455	80
9456	90
9457	155
9458	97
9459	98
9460	81
9461	88
9462	104
9463	117
9464	91
9465	71
9466	109
9467	102
9468	98
9469	107
9470	119
9471	93
9472	69
9473	92
9474	105
9475	89
9476	110
9477	107
9478	102
9479	94
9480	78
9481	102
9482	80
9483	81
9484	110
9485	78
9486	104
9487	75
9488	115
9489	84
9490	102
9491	91
9492	86
9493	107
9494	73
9495	74
9496	126
9497	83
9498	96
9499	74
9500	101
9501	99
9502	86
9503	102
9504	107
9505	110
9506	100
9507	113
9508	108
9509	91
9510	113
9511	101
9512	104
9513	115
9514	79
9515	110
9516	105
9517	59
9518	85
9519	91
9520	108
9521	137
9522	105
9523	73
9524	105
9525	131
9526	79
9527	101
9528	110
9529	93
9530	110
9531	77
9532	106
9533	104
9534	91
9535	107
9536	98
9537	98
9538	117
9539	113
9540	93
9541	112
9542	104
9543	83
9544	112
9545	86
9546	99
9547	106
9548	108
9549	101
9550	70
9551	67
9552	88
9553	112
9554	91
9555	105
9556	103
9557	87
9558	103
9559	75
9560	88
9561	89
9562	82
9563	106
9564	101
9565	79
9566	122
9567	114
9568	97
9569	52
9570	115
9571	98
9572	79
9573	97
9574	73
9575	104
9576	93
9577	64
9578	98
9579	86
9580	69
9581	60
9582	84
9583	111
9584	93
9585	112
9586	76
9587	102
9588	114
9589	84
9590	91
9591	122
9592	112
9593	76
9594	96
9595	84
9596	99
9597	90
9598	96
9599	92
9600	92
9601	86
9602	77
9603	122
9604	108
9605	102
9606	68
9607	113
9608	106
9609	128
9610	92
9611	70
9612	109
9613	125
9614	105
9615	120
9616	81
9617	105
9618	96
9619	106
9620	128
9621	88
9622	87
9623	79
9624	89
9625	85
9626	107
9627	104
9628	121
9629	115
9630	96
9631	90
9632	102
9633	98
9634	103
9635	87
9636	89
9637	97
9638	101
9639	89
9640	90
9641	78
9642	88
9643	101
9644	114
9645	105
9646	121
9647	99
9648	77
9649	83
9650	104
9651	89
9652	101
9653	82
9654	75
9655	145
9656	138
9657	114
9658	85
9659	110
9660	75
9661	94
9662	94
9663	87
9664	71
9665	105
9666	101
9667	74
9668	96
9669	103
9670	110
9671	102
9672	88
9673	86
9674	62
9675	91
9676	112
9677	104
9678	95
9679	96
9680	52
9681	116
9682	112
9683	80
9684	106
9685	99
9686	95
9687	93
9688	115
9689	93
9690	113
9691	111
9692	103
9693	117
9694	56
9695	73
9696	39
9697	55
9698	90
9699	75
9700	96
9701	133
9702	95
9703	104
9704	112
9705	141
9706	90
9707	123
9708	101
9709	86
9710	120
9711	99
9712	91
9713	103
9714	91
9715	112
9716	89
9717	110
9718	78
9719	93
9720	102
9721	74
9722	85
9723	90
9724	106
9725	126
9726	98
9727	109
9728	95
9729	84
9730	127
9731	115
9732	78
9733	95
9734	69
9735	125
9736	116
9737	92
9738	116
9739	156
9740	62
9741	101
9742	105
9743	93
9744	97
9745	102
9746	116
9747	97
9748	110
9749	136
9750	95
9751	77
9752	107
9753	112
9754	67
9755	89
9756	100
9757	104
9758	105
9759	124
9760	98
9761	93
9762	78
9763	91
9764	105
9765	88
9766	93
9767	86
9768	88
9769	115
9770	143
9771	126
9772	92
9773	106
9774	105
9775	87
9776	85
9777	98
9778	95
9779	121
9780	91
9781	99
9782	98
9783	102
9784	97
9785	99
9786	87
9787	81
9788	94
9789	97
9790	74
9791	137
9792	91
9793	79
9794	79
9795	135
9796	105
9797	102
9798	92
9799	102
9800	102
9801	94
9802	113
9803	96
9804	76
9805	111
9806	87
9807	100
9808	110
9809	94
9810	90
9811	97
9812	96
9813	88
9814	61
9815	78
9816	106
9817	84
9818	130
9819	65
9820	74
9821	74
9822	91
9823	112
9824	86
9825	76
9826	97
9827	114
9828	97
9829	106
9830	110
9831	79
9832	120
9833	91
9834	97
9835	91
9836	82
9837	65
9838	78
9839	107
9840	89
9841	114
9842	98
9843	102
9844	91
9845	98
9846	61
9847	79
9848	112
9849	125
9850	59
9851	76
9852	85
9853	129
9854	112
9855	92
9856	94
9857	80
9858	110
9859	78
9860	94
9861	135
9862	106
9863	105
9864	109
9865	130
9866	114
9867	60
9868	112
9869	88
9870	104
9871	100
9872	91
9873	130
9874	124
9875	96
9876	86
9877	66
9878	99
9879	97
9880	104
9881	82
9882	92
9883	121
9884	91
9885	108
9886	89
9887	103
9888	80
9889	112
9890	98
9891	109
9892	85
9893	95
9894	94
9895	118
9896	103
9897	79
9898	84
9899	85
9900	73
9901	109
9902	92
9903	130
9904	85
9905	102
9906	97
9907	92
9908	114
9909	81
9910	79
9911	94
9912	82
9913	93
9914	92
9915	84
9916	84
9917	115
9918	102
9919	63
9920	39
9921	100
9922	113
9923	147
9924	104
9925	70
9926	102
9927	92
9928	70
9929	103
9930	112
9931	96
9932	106
9933	99
9934	89
9935	93
9936	105
9937	67
9938	101
9939	150
9940	84
9941	106
9942	97
9943	90
9944	66
9945	86
9946	129
9947	60
9948	77
9949	103
9950	74
9951	104
9952	107
9953	82
9954	84
9955	98
9956	99
9957	137
9958	123
9959	98
9960	80
9961	67
9962	73
9963	96
9964	124
9965	95
9966	87
9967	93
9968	95
9969	80
9970	65
9971	117
9972	111
9973	63
9974	87
9975	84
9976	82
9977	92
9978	62
9979	91
9980	47
9981	97
9982	106
9983	97
9984	88
9985	96
9986	124
9987	114
9988	107
9989	108
9990	100
9991	96
9992	65
9993	83
9994	112
9995	84
9996	95
9997	116
9998	89
9999	39
